chr_name	begin	end	overlap_count	p-value	p-value_adjusted	mean	variance	standard_deviation	z-score
chr1	0	1000000	0	1.000000000000000222	1	0.46230279061343382274	0.24857892040446543436	0.4985768951771285544
chr1	200000	1200000	0	1.000000000000000222	1	0.92460558122686758997	0.4971578408089309003	0.7050942070453641873
chr1	400000	1400000	0	1.000000000000000222	1	0.46230279061343382274	0.24857892040446543436	0.4985768951771285544
chr1	600000	1600000	0	1.000000000000000222	1	0.46230279061343382274	0.24857892040446543436	0.4985768951771285544
chr1	800000	1800000	0	1.000000000000000222	1	0.46230279061343382274	0.24857892040446543436	0.4985768951771285544
chr1	1000000	2000000	0	1.000000000000000222	1	0.46230279061343382274	0.24857892040446543436	0.4985768951771285544
chr1	1200000	2200000	0	1.000000000000000222	1	0	0	0
chr1	1400000	2400000	0	1.000000000000000222	1	0	0	0
chr1	1600000	2600000	0	1.000000000000000222	1	0	0	0
chr1	1800000	2800000	0	1.000000000000000222	1	0	0	0
chr1	2000000	3000000	0	1.000000000000000222	1	0	0	0
chr1	2200000	3200000	0	1.000000000000000222	1	0	0	0
chr1	2400000	3400000	0	1.000000000000000222	1	0	0	0
chr1	2600000	3600000	0	1.000000000000000222	1	0.46230279061343382274	0.24857892040446543436	0.4985768951771285544
chr1	2800000	3800000	0	1.000000000000000222	1	0.46230279061343382274	0.24857892040446543436	0.4985768951771285544
chr1	3000000	4000000	0	1.000000000000000222	1	0.46230279061343382274	0.24857892040446543436	0.4985768951771285544
chr1	3200000	4200000	0	1.000000000000000222	1	0.46230279061343382274	0.24857892040446543436	0.4985768951771285544
chr1	3400000	4400000	0	1.000000000000000222	1	0.9246055812268676455	0.49715784080893090063	0.7050942070453641875
chr1	3600000	4600000	0	1.0000000000000004441	1	0.46230279061343382274	0.2485789204044654581	0.4985768951771285782
chr1	3800000	4800000	0	1.0000000000000004441	1	0.46230279061343382274	0.2485789204044654581	0.4985768951771285782
chr1	4000000	5000000	0	1.0000000000000004441	1	0.46230279061343382274	0.2485789204044654581	0.4985768951771285782
chr1	4200000	5200000	0	1.0000000000000004441	1	0.46230279061343382274	0.2485789204044654581	0.4985768951771285782
chr1	4400000	5400000	0	1.000000000000000222	1	0	0	0
chr1	4600000	5600000	0	1.000000000000000222	1	0	0	0
chr1	4800000	5800000	0	1.000000000000000222	1	0	0	0
chr1	5000000	6000000	0	1.000000000000000222	1	0	0	0
chr1	5200000	6200000	0	1.000000000000000222	1	0	0	0
chr1	5400000	6400000	0	1.000000000000000222	1	0	0	0
chr1	5600000	6600000	0	1.000000000000000222	1	0	0	0
chr1	5800000	6800000	0	1.000000000000000222	1	0	0	0
chr1	6000000	7000000	0	1.000000000000000222	1	0	0	0
chr1	6200000	7200000	0	1.000000000000000222	1	0	0	0
chr1	6400000	7400000	0	1.000000000000000222	1	0.46230279061343382274	0.24857892040446543436	0.4985768951771285544
chr1	6600000	7600000	0	1.000000000000000222	1	0.46230279061343382274	0.24857892040446543436	0.4985768951771285544
chr1	6800000	7800000	0	1.000000000000000222	1	0.46230279061343382274	0.24857892040446543436	0.4985768951771285544
chr1	7000000	8000000	0	1.000000000000000222	1	0.46230279061343382274	0.24857892040446543436	0.4985768951771285544
chr1	7200000	8200000	0	1.000000000000000222	1	0.46230279061343382274	0.24857892040446543436	0.4985768951771285544
chr1	7400000	8400000	0	1.000000000000000222	1	0	0	0
chr1	7600000	8600000	0	1.000000000000000222	1	0	0	0
chr1	7800000	8800000	0	1.000000000000000222	1	0	0	0
chr1	8000000	9000000	0	1.000000000000000222	1	0	0	0
chr1	8200000	9200000	0	1.000000000000000222	1	0	0	0
chr1	8400000	9400000	0	1.000000000000000222	1	0	0	0
chr1	8600000	9600000	0	1.000000000000000222	1	0	0	0
chr1	8800000	9800000	0	1.000000000000000222	1	0	0	0
chr1	9000000	10000000	0	1.000000000000000222	1	0	0	0
chr1	9200000	10200000	0	1.000000000000000222	1	0	0	0
chr1	9400000	10400000	0	1.000000000000000222	1	0	0	0
chr1	9600000	10600000	0	1.000000000000000222	1	0	0	0
chr1	9800000	10800000	0	1.000000000000000222	1	0	0	0
chr1	10000000	11000000	0	1.000000000000000222	1	0	0	0
chr1	10200000	11200000	0	1.000000000000000222	1	0	0	0
chr1	10400000	11400000	0	1.000000000000000222	1	0	0	0
chr1	10600000	11600000	0	1.000000000000000222	1	0	0	0
chr1	10800000	11800000	0	1.000000000000000222	1	0	0	0
chr1	11000000	12000000	0	1.000000000000000222	1	0	0	0
chr1	11200000	12200000	0	1.000000000000000222	1	0	0	0
chr1	11400000	12400000	0	1.000000000000000222	1	0	0	0
chr1	11600000	12600000	0	1.000000000000000222	1	0	0	0
chr1	11800000	12800000	0	1.000000000000000222	1	0	0	0
chr1	12000000	13000000	0	1.000000000000000222	1	0	0	0
chr1	12200000	13200000	0	1.000000000000000222	1	0	0	0
chr1	12400000	13400000	0	1.000000000000000222	1	0	0	0
chr1	12600000	13600000	0	1.000000000000000222	1	0	0	0
chr1	12800000	13800000	0	1.000000000000000222	1	0	0	0
chr1	13000000	14000000	0	1.000000000000000222	1	0	0	0
chr1	13200000	14200000	0	1.000000000000000222	1	0	0	0
chr1	13400000	14400000	0	1.000000000000000222	1	0	0	0
chr1	13600000	14600000	0	1.000000000000000222	1	0	0	0
chr1	13800000	14800000	0	1.000000000000000222	1	0	0	0
chr1	14000000	15000000	0	1.000000000000000222	1	0	0	0
chr1	14200000	15200000	0	1.000000000000000222	1	0	0	0
chr1	14400000	15400000	0	1.000000000000000222	1	0	0	0
chr1	14600000	15600000	0	1.000000000000000222	1	0	0	0
chr1	14800000	15800000	0	1.000000000000000222	1	0	0	0
chr1	15000000	16000000	0	1.000000000000000222	1	0	0	0
chr1	15200000	16200000	0	1.000000000000000222	1	0	0	0
chr1	15400000	16400000	0	1.000000000000000222	1	0	0	0
chr1	15600000	16600000	0	1.000000000000000222	1	0	0	0
chr1	15800000	16800000	0	1.000000000000000222	1	0	0	0
chr1	16000000	17000000	0	1.000000000000000222	1	0	0	0
chr1	16200000	17200000	1	0.46230279061343376723	1	0.46230279061343376723	0.2485789204044654183	0.4985768951771285383
chr1	16400000	17400000	1	0.46230279061343376723	1	0.46230279061343376723	0.2485789204044654183	0.4985768951771285383
chr1	16600000	17600000	1	0.46230279061343376723	1	0.46230279061343376723	0.2485789204044654183	0.4985768951771285383
chr1	16800000	17800000	1	0.46230279061343376723	1	0.46230279061343376723	0.2485789204044654183	0.4985768951771285383
chr1	17000000	18000000	1	0.46230279061343376723	1	0.46230279061343376723	0.24857892040446539456	0.4985768951771285145
chr1	17200000	18200000	0	1.000000000000000222	1	0	0	0
chr1	17400000	18400000	0	1.000000000000000222	1	0	0	0
chr1	17600000	18600000	0	1.000000000000000222	1	0	0	0
chr1	17800000	18800000	0	1.000000000000000222	1	0	0	0
chr1	18000000	19000000	0	1.000000000000000222	1	0	0	0
chr1	18200000	19200000	0	1.000000000000000222	1	0	0	0
chr1	18400000	19400000	0	1.000000000000000222	1	0	0	0
chr1	18600000	19600000	0	1.000000000000000222	1	0	0	0
chr1	18800000	19800000	0	1.000000000000000222	1	0	0	0
chr1	19000000	20000000	0	1.000000000000000222	1	0	0	0
chr1	19200000	20200000	0	1.000000000000000222	1	0	0	0
chr1	19400000	20400000	0	1.000000000000000222	1	0	0	0
chr1	19600000	20600000	0	1.000000000000000222	1	0	0	0
chr1	19800000	20800000	0	1.000000000000000222	1	0	0	0
chr1	20000000	21000000	0	1.000000000000000222	1	0	0	0
chr1	20200000	21200000	0	1.000000000000000222	1	0	0	0
chr1	20400000	21400000	0	1.000000000000000222	1	0	0	0
chr1	20600000	21600000	0	1.000000000000000222	1	0	0	0
chr1	20800000	21800000	0	1.000000000000000222	1	0	0	0
chr1	21000000	22000000	0	1.000000000000000222	1	0	0	0
chr1	21200000	22200000	0	1.000000000000000222	1	0	0	0
chr1	21400000	22400000	0	1.000000000000000222	1	0	0	0
chr1	21600000	22600000	0	1.000000000000000222	1	0	0	0
chr1	21800000	22800000	0	1.000000000000000222	1	0.46230279061343382274	0.24857892040446543436	0.4985768951771285544
chr1	22000000	23000000	0	1.000000000000000222	1	0.46230279061343382274	0.24857892040446543436	0.4985768951771285544
chr1	22200000	23200000	0	1.000000000000000222	1	0.46230279061343382274	0.24857892040446543436	0.4985768951771285544
chr1	22400000	23400000	0	1.000000000000000222	1	0.46230279061343382274	0.24857892040446543436	0.4985768951771285544
chr1	22600000	23600000	0	1.000000000000000222	1	0.46230279061343382274	0.24857892040446543436	0.4985768951771285544
chr1	22800000	23800000	0	1.000000000000000222	1	0	0	0
chr1	23000000	24000000	0	1.000000000000000222	1	0	0	0
chr1	23200000	24200000	0	1.000000000000000222	1	0	0	0
chr1	23400000	24400000	0	1.000000000000000222	1	0	0	0
chr1	23600000	24600000	0	1.000000000000000222	1	0.46230279061343382274	0.24857892040446543436	0.4985768951771285544
chr1	23800000	24800000	0	1.000000000000000222	1	0.46230279061343382274	0.24857892040446543436	0.4985768951771285544
chr1	24000000	25000000	0	1.000000000000000222	1	0.46230279061343382274	0.24857892040446543436	0.4985768951771285544
chr1	24200000	25200000	0	1.000000000000000222	1	0.46230279061343382274	0.24857892040446543436	0.4985768951771285544
chr1	24400000	25400000	0	1.000000000000000222	1	0.46230279061343382274	0.24857892040446543436	0.4985768951771285544
chr1	24600000	25600000	0	1.000000000000000222	1	0	0	0
chr1	24800000	25800000	0	1.000000000000000222	1	0	0	0
chr1	25000000	26000000	0	1.000000000000000222	1	0	0	0
chr1	25200000	26200000	0	1.000000000000000222	1	0	0	0
chr1	25400000	26400000	0	1.000000000000000222	1	0	0	0
chr1	25600000	26600000	0	1.000000000000000222	1	0	0	0
chr1	25800000	26800000	0	1.000000000000000222	1	0	0	0
chr1	26000000	27000000	0	1.000000000000000222	1	0	0	0
chr1	26200000	27200000	1	0.46230279061343382274	1	0.46230279061343382274	0.24857892040446543436	0.4985768951771285544
chr1	26400000	27400000	1	0.46230279061343382274	1	0.46230279061343382274	0.24857892040446543436	0.4985768951771285544
chr1	26600000	27600000	1	0.46230279061343382274	1	0.46230279061343382274	0.24857892040446543436	0.4985768951771285544
chr1	26800000	27800000	1	0.46230279061343382274	1	0.46230279061343382274	0.24857892040446543436	0.4985768951771285544
chr1	27000000	28000000	1	0.46230279061343382274	1	0.46230279061343382274	0.24857892040446543436	0.4985768951771285544
chr1	27200000	28200000	0	1.000000000000000222	1	0	0	0
chr1	27400000	28400000	0	1.000000000000000222	1	0	0	0
chr1	27600000	28600000	0	1.000000000000000222	1	0	0	0
chr1	27800000	28800000	0	1.000000000000000222	1	0.46230279061343382274	0.24857892040446543436	0.4985768951771285544
chr1	28000000	29000000	0	1.000000000000000222	1	0.46230279061343382274	0.24857892040446543436	0.4985768951771285544
chr1	28200000	29200000	0	1.000000000000000222	1	0.46230279061343382274	0.24857892040446543436	0.4985768951771285544
chr1	28400000	29400000	0	1.000000000000000222	1	0.46230279061343382274	0.24857892040446543436	0.4985768951771285544
chr1	28600000	29600000	0	1.000000000000000222	1	0.46230279061343382274	0.24857892040446543436	0.4985768951771285544
chr1	28800000	29800000	0	1.000000000000000222	1	0	0	0
chr1	29000000	30000000	0	1.000000000000000222	1	0	0	0
chr1	29200000	30200000	0	1.000000000000000222	1	0	0	0
chr1	29400000	30400000	0	1.000000000000000222	1	0.46230279061343382274	0.24857892040446543436	0.4985768951771285544
chr1	29600000	30600000	0	1.000000000000000222	1	0.46230279061343382274	0.24857892040446543436	0.4985768951771285544
chr1	29800000	30800000	0	1.000000000000000222	1	0.46230279061343382274	0.24857892040446543436	0.4985768951771285544
chr1	30000000	31000000	0	1.000000000000000222	1	0.46230279061343382274	0.24857892040446543436	0.4985768951771285544
chr1	30200000	31200000	0	1.000000000000000222	1	0.46230279061343382274	0.24857892040446543436	0.4985768951771285544
chr1	30400000	31400000	0	1.000000000000000222	1	0	0	0
chr1	30600000	31600000	0	1.000000000000000222	1	0	0	0
chr1	30800000	31800000	0	1.000000000000000222	1	0	0	0
chr1	31000000	32000000	0	1.000000000000000222	1	0	0	0
chr1	31200000	32200000	0	1.000000000000000222	1	0	0	0
chr1	31400000	32400000	0	1.000000000000000222	1	0	0	0
chr1	31600000	32600000	0	1.000000000000000222	1	0	0	0
chr1	31800000	32800000	0	1.000000000000000222	1	0	0	0
chr1	32000000	33000000	0	1.000000000000000222	1	0	0	0
chr1	32200000	33200000	0	1.000000000000000222	1	0	0	0
chr1	32400000	33400000	0	1.000000000000000222	1	0	0	0
chr1	32600000	33600000	0	1.000000000000000222	1	0	0	0
chr1	32800000	33800000	0	1.000000000000000222	1	0	0	0
chr1	33000000	34000000	0	1.000000000000000222	1	0	0	0
chr1	33200000	34200000	0	1.000000000000000222	1	0	0	0
chr1	33400000	34400000	0	1.000000000000000222	1	0	0	0
chr1	33600000	34600000	0	1.000000000000000222	1	0	0	0
chr1	33800000	34800000	0	1.000000000000000222	1	0	0	0
chr1	34000000	35000000	0	1.000000000000000222	1	0	0	0
chr1	34200000	35200000	0	1.000000000000000222	1	0	0	0
chr1	34400000	35400000	0	1.000000000000000222	1	0	0	0
chr1	34600000	35600000	0	1.000000000000000222	1	0	0	0
chr1	34800000	35800000	0	1.000000000000000222	1	0	0	0
chr1	35000000	36000000	0	1.000000000000000222	1	0	0	0
chr1	35200000	36200000	0	1.000000000000000222	1	0	0	0
chr1	35400000	36400000	0	1.000000000000000222	1	0	0	0
chr1	35600000	36600000	0	1.000000000000000222	1	0	0	0
chr1	35800000	36800000	0	1.000000000000000222	1	0	0	0
chr1	36000000	37000000	0	1.000000000000000222	1	0	0	0
chr1	36200000	37200000	0	1.000000000000000222	1	0	0	0
chr1	36400000	37400000	0	1.000000000000000222	1	0	0	0
chr1	36600000	37600000	0	1.000000000000000222	1	0	0	0
chr1	36800000	37800000	0	1.000000000000000222	1	0	0	0
chr1	37000000	38000000	0	1.000000000000000222	1	0	0	0
chr1	37200000	38200000	1	0.46230279061343382274	1	0.46230279061343382274	0.24857892040446543436	0.4985768951771285544
chr1	37400000	38400000	1	0.46230279061343382274	1	0.46230279061343382274	0.24857892040446543436	0.4985768951771285544
chr1	37600000	38600000	1	0.46230279061343382274	1	0.46230279061343382274	0.24857892040446543436	0.4985768951771285544
chr1	37800000	38800000	1	0.46230279061343382274	1	0.46230279061343382274	0.24857892040446543436	0.4985768951771285544
chr1	38000000	39000000	1	0.46230279061343382274	1	0.46230279061343382274	0.24857892040446543436	0.4985768951771285544
chr1	38200000	39200000	0	1.000000000000000222	1	0	0	0
chr1	38400000	39400000	0	1.000000000000000222	1	0	0	0
chr1	38600000	39600000	0	1.000000000000000222	1	0	0	0
chr1	38800000	39800000	0	1.000000000000000222	1	0	0	0
chr1	39000000	40000000	0	1.000000000000000222	1	0	0	0
chr1	39200000	40200000	0	1.000000000000000222	1	0	0	0
chr1	39400000	40400000	0	1.000000000000000222	1	0	0	0
chr1	39600000	40600000	0	1.000000000000000222	1	0	0	0
chr1	39800000	40800000	0	1.000000000000000222	1	0	0	0
chr1	40000000	41000000	0	1.000000000000000222	1	0	0	0
chr1	40200000	41200000	0	1.000000000000000222	1	0	0	0
chr1	40400000	41400000	0	1.000000000000000222	1	0	0	0
chr1	40600000	41600000	0	1.000000000000000222	1	0	0	0
chr1	40800000	41800000	0	1.000000000000000222	1	0	0	0
chr1	41000000	42000000	0	1.000000000000000222	1	0	0	0
chr1	41200000	42200000	0	1.000000000000000222	1	0	0	0
chr1	41400000	42400000	0	1.000000000000000222	1	0	0	0
chr1	41600000	42600000	0	1.000000000000000222	1	0	0	0
chr1	41800000	42800000	0	1.000000000000000222	1	0	0	0
chr1	42000000	43000000	0	1.000000000000000222	1	0	0	0
chr1	42200000	43200000	0	1.000000000000000222	1	0	0	0
chr1	42400000	43400000	0	1.000000000000000222	1	0	0	0
chr1	42600000	43600000	0	1.000000000000000222	1	0	0	0
chr1	42800000	43800000	0	1.000000000000000222	1	0	0	0
chr1	43000000	44000000	0	1.000000000000000222	1	0	0	0
chr1	43200000	44200000	0	1.000000000000000222	1	0	0	0
chr1	43400000	44400000	0	1.000000000000000222	1	0	0	0
chr1	43600000	44600000	0	1.000000000000000222	1	0	0	0
chr1	43800000	44800000	0	1.000000000000000222	1	0	0	0
chr1	44000000	45000000	0	1.000000000000000222	1	0	0	0
chr1	44200000	45200000	0	1.000000000000000222	1	0	0	0
chr1	44400000	45400000	0	1.000000000000000222	1	0	0	0
chr1	44600000	45600000	0	1.000000000000000222	1	0	0	0
chr1	44800000	45800000	0	1.000000000000000222	1	0	0	0
chr1	45000000	46000000	0	1.000000000000000222	1	0	0	0
chr1	45200000	46200000	0	1.000000000000000222	1	0	0	0
chr1	45400000	46400000	0	1.000000000000000222	1	0	0	0
chr1	45600000	46600000	1	0.46230279061343382274	1	0.46230279061343382274	0.24857892040446543436	0.4985768951771285544
chr1	45800000	46800000	1	0.46230279061343382274	1	0.46230279061343382274	0.24857892040446543436	0.4985768951771285544
chr1	46000000	47000000	1	0.46230279061343382274	1	0.46230279061343382274	0.24857892040446543436	0.4985768951771285544
chr1	46200000	47200000	1	0.46230279061343382274	1	0.46230279061343382274	0.24857892040446543436	0.4985768951771285544
chr1	46400000	47400000	1	0.46230279061343382274	1	0.46230279061343382274	0.24857892040446543436	0.4985768951771285544
chr1	46600000	47600000	0	1.000000000000000222	1	0	0	0
chr1	46800000	47800000	0	1.000000000000000222	1	0	0	0
chr1	47000000	48000000	0	1.000000000000000222	1	0	0	0
chr1	47200000	48200000	0	1.000000000000000222	1	0	0	0
chr1	47400000	48400000	0	1.000000000000000222	1	0	0	0
chr1	47600000	48600000	0	1.000000000000000222	1	0	0	0
chr1	47800000	48800000	0	1.000000000000000222	1	0	0	0
chr1	48000000	49000000	0	1.000000000000000222	1	0	0	0
chr1	48200000	49200000	0	1.000000000000000222	1	0	0	0
chr1	48400000	49400000	0	1.000000000000000222	1	0	0	0
chr1	48600000	49600000	0	1.000000000000000222	1	0	0	0
chr1	48800000	49800000	0	1.000000000000000222	1	0	0	0
chr1	49000000	50000000	0	1.000000000000000222	1	0	0	0
chr1	49200000	50200000	0	1.000000000000000222	1	0	0	0
chr1	49400000	50400000	0	1.000000000000000222	1	0	0	0
chr1	49600000	50600000	0	1.000000000000000222	1	0	0	0
chr1	49800000	50800000	0	1.000000000000000222	1	0	0	0
chr1	50000000	51000000	0	1.000000000000000222	1	0	0	0
chr1	50200000	51200000	0	1.000000000000000222	1	0	0	0
chr1	50400000	51400000	0	1.000000000000000222	1	0	0	0
chr1	50600000	51600000	0	1.000000000000000222	1	0	0	0
chr1	50800000	51800000	0	1.000000000000000222	1	0	0	0
chr1	51000000	52000000	0	1.000000000000000222	1	0	0	0
chr1	51200000	52200000	0	1.000000000000000222	1	0	0	0
chr1	51400000	52400000	0	1.000000000000000222	1	0	0	0
chr1	51600000	52600000	1	0.46230279061343382274	1	0.46230279061343382274	0.24857892040446543436	0.4985768951771285544
chr1	51800000	52800000	1	0.46230279061343382274	1	0.46230279061343382274	0.24857892040446543436	0.4985768951771285544
chr1	52000000	53000000	1	0.46230279061343382274	1	0.46230279061343382274	0.24857892040446543436	0.4985768951771285544
chr1	52200000	53200000	1	0.46230279061343382274	1	0.46230279061343382274	0.24857892040446543436	0.4985768951771285544
chr1	52400000	53400000	1	0.46230279061343382274	1	0.46230279061343382274	0.24857892040446543436	0.4985768951771285544
chr1	52600000	53600000	0	1.000000000000000222	1	0	0	0
chr1	52800000	53800000	0	1.000000000000000222	1	0	0	0
chr1	53000000	54000000	0	1.000000000000000222	1	0	0	0
chr1	53200000	54200000	0	1.000000000000000222	1	0	0	0
chr1	53400000	54400000	0	1.000000000000000222	1	0	0	0
chr1	53600000	54600000	0	1.000000000000000222	1	0	0	0
chr1	53800000	54800000	0	1.000000000000000222	1	0	0	0
chr1	54000000	55000000	0	1.000000000000000222	1	0	0	0
chr1	54200000	55200000	0	1.000000000000000222	1	0	0	0
chr1	54400000	55400000	0	1.000000000000000222	1	0	0	0
chr1	54600000	55600000	0	1.000000000000000222	1	0	0	0
chr1	54800000	55800000	0	1.0000000000000004441	1	0.46230279061343382274	0.2485789204044654581	0.4985768951771285782
chr1	55000000	56000000	0	1.0000000000000004441	1	0.46230279061343382274	0.2485789204044654581	0.4985768951771285782
chr1	55200000	56200000	0	1.0000000000000004441	1	0.46230279061343382274	0.2485789204044654581	0.4985768951771285782
chr1	55400000	56400000	0	1.0000000000000004441	1	0.46230279061343382274	0.2485789204044654581	0.4985768951771285782
chr1	55600000	56600000	0	1.0000000000000004441	1	0.46230279061343382274	0.2485789204044654581	0.4985768951771285782
chr1	55800000	56800000	0	1.000000000000000222	1	0	0	0
chr1	56000000	57000000	0	1.000000000000000222	1	0	0	0
chr1	56200000	57200000	0	1.000000000000000222	1	0	0	0
chr1	56400000	57400000	0	1.000000000000000222	1	0	0	0
chr1	56600000	57600000	0	1.000000000000000222	1	0	0	0
chr1	56800000	57800000	0	1.000000000000000222	1	0	0	0
chr1	57000000	58000000	0	1.000000000000000222	1	0	0	0
chr1	57200000	58200000	0	1.000000000000000222	1	0	0	0
chr1	57400000	58400000	0	1.000000000000000222	1	0	0	0
chr1	57600000	58600000	0	1.000000000000000222	1	0	0	0
chr1	57800000	58800000	0	1.000000000000000222	1	0	0	0
chr1	58000000	59000000	0	1.000000000000000222	1	0	0	0
chr1	58200000	59200000	0	1.000000000000000222	1	0	0	0
chr1	58400000	59400000	0	1.000000000000000222	1	0	0	0
chr1	58600000	59600000	0	1.000000000000000222	1	0	0	0
chr1	58800000	59800000	0	1.000000000000000222	1	0	0	0
chr1	59000000	60000000	0	1.000000000000000222	1	0	0	0
chr1	59200000	60200000	0	1.000000000000000222	1	0	0	0
chr1	59400000	60400000	0	1.000000000000000222	1	0	0	0
chr1	59600000	60600000	0	1.000000000000000222	1	0	0	0
chr1	59800000	60800000	0	1.000000000000000222	1	0	0	0
chr1	60000000	61000000	0	1.000000000000000222	1	0	0	0
chr1	60200000	61200000	0	1.000000000000000222	1	0	0	0
chr1	60400000	61400000	0	1.000000000000000222	1	0	0	0
chr1	60600000	61600000	0	1.000000000000000222	1	0	0	0
chr1	60800000	61800000	0	1.000000000000000222	1	0	0	0
chr1	61000000	62000000	0	1.000000000000000222	1	0	0	0
chr1	61200000	62200000	0	1.000000000000000222	1	0	0	0
chr1	61400000	62400000	0	1.000000000000000222	1	0	0	0
chr1	61600000	62600000	0	1.000000000000000222	1	0	0	0
chr1	61800000	62800000	0	1.000000000000000222	1	0	0	0
chr1	62000000	63000000	0	1.000000000000000222	1	0	0	0
chr1	62200000	63200000	0	1.000000000000000222	1	0	0	0
chr1	62400000	63400000	0	1.000000000000000222	1	0	0	0
chr1	62600000	63600000	0	1.000000000000000222	1	0	0	0
chr1	62800000	63800000	0	1.000000000000000222	1	0	0	0
chr1	63000000	64000000	0	1.000000000000000222	1	0	0	0
chr1	63200000	64200000	0	1.000000000000000222	1	0	0	0
chr1	63400000	64400000	0	1.000000000000000222	1	0	0	0
chr1	63600000	64600000	0	1.000000000000000222	1	0	0	0
chr1	63800000	64800000	0	1.000000000000000222	1	0	0	0
chr1	64000000	65000000	0	1.000000000000000222	1	0	0	0
chr1	64200000	65200000	0	1.000000000000000222	1	0	0	0
chr1	64400000	65400000	0	1.000000000000000222	1	0	0	0
chr1	64600000	65600000	0	1.000000000000000222	1	0	0	0
chr1	64800000	65800000	0	1.000000000000000222	1	0	0	0
chr1	65000000	66000000	0	1.000000000000000222	1	0	0	0
chr1	65200000	66200000	0	1.000000000000000222	1	0	0	0
chr1	65400000	66400000	0	1.000000000000000222	1	0	0	0
chr1	65600000	66600000	0	1.000000000000000222	1	0	0	0
chr1	65800000	66800000	0	1.000000000000000222	1	0	0	0
chr1	66000000	67000000	0	1.000000000000000222	1	0	0	0
chr1	66200000	67200000	0	1.000000000000000222	1	0	0	0
chr1	66400000	67400000	0	1.000000000000000222	1	0	0	0
chr1	66600000	67600000	0	1.000000000000000222	1	0	0	0
chr1	66800000	67800000	0	1.000000000000000222	1	0	0	0
chr1	67000000	68000000	0	1.000000000000000222	1	0	0	0
chr1	67200000	68200000	0	1.000000000000000222	1	0	0	0
chr1	67400000	68400000	0	1.000000000000000222	1	0	0	0
chr1	67600000	68600000	0	1.000000000000000222	1	0	0	0
chr1	67800000	68800000	0	1.000000000000000222	1	0	0	0
chr1	68000000	69000000	0	1.000000000000000222	1	0	0	0
chr1	68200000	69200000	0	1.000000000000000222	1	0	0	0
chr1	68400000	69400000	0	1.000000000000000222	1	0	0	0
chr1	68600000	69600000	0	1.000000000000000222	1	0	0	0
chr1	68800000	69800000	0	1.000000000000000222	1	0	0	0
chr1	69000000	70000000	0	1.000000000000000222	1	0	0	0
chr1	69200000	70200000	0	1.000000000000000222	1	0	0	0
chr1	69400000	70400000	0	1.000000000000000222	1	0	0	0
chr1	69600000	70600000	0	1.000000000000000222	1	0	0	0
chr1	69800000	70800000	0	1.000000000000000222	1	0	0	0
chr1	70000000	71000000	0	1.000000000000000222	1	0	0	0
chr1	70200000	71200000	0	1.000000000000000222	1	0	0	0
chr1	70400000	71400000	0	1.000000000000000222	1	0	0	0
chr1	70600000	71600000	0	1.000000000000000222	1	0	0	0
chr1	70800000	71800000	0	1.000000000000000222	1	0	0	0
chr1	71000000	72000000	1	0.46230279061343382274	1	0.46230279061343382274	0.24857892040446543436	0.4985768951771285544
chr1	71200000	72200000	1	0.46230279061343382274	1	0.46230279061343382274	0.24857892040446543436	0.4985768951771285544
chr1	71400000	72400000	2	0.21372387020896838061	1	0.92460558122686758997	0.4971578408089309003	0.7050942070453641873
chr1	71600000	72600000	2	0.21372387020896838061	1	0.92460558122686758997	0.4971578408089309003	0.7050942070453641873
chr1	71800000	72800000	2	0.21372387020896838061	1	0.92460558122686758997	0.4971578408089309003	0.7050942070453641873
chr1	72000000	73000000	1	0.46230279061343382274	1	0.46230279061343382274	0.24857892040446543436	0.4985768951771285544
chr1	72200000	73200000	1	0.46230279061343382274	1	0.46230279061343382274	0.24857892040446543436	0.4985768951771285544
chr1	72400000	73400000	0	1.000000000000000222	1	0	0	0
chr1	72600000	73600000	0	1.000000000000000222	1	0	0	0
chr1	72800000	73800000	0	1.000000000000000222	1	0	0	0
chr1	73000000	74000000	0	1.000000000000000222	1	0	0	0
chr1	73200000	74200000	0	1.000000000000000222	1	0	0	0
chr1	73400000	74400000	0	1.000000000000000222	1	0	0	0
chr1	73600000	74600000	0	1.000000000000000222	1	0	0	0
chr1	73800000	74800000	0	1.000000000000000222	1	0	0	0
chr1	74000000	75000000	0	1.000000000000000222	1	0	0	0
chr1	74200000	75200000	0	1.000000000000000222	1	0	0	0
chr1	74400000	75400000	0	1.000000000000000222	1	0	0	0
chr1	74600000	75600000	0	1.000000000000000222	1	0	0	0
chr1	74800000	75800000	0	1.000000000000000222	1	0	0	0
chr1	75000000	76000000	0	1.000000000000000222	1	0	0	0
chr1	75200000	76200000	1	0.46230279061343376723	1	0.46230279061343376723	0.24857892040446539456	0.4985768951771285145
chr1	75400000	76400000	1	0.46230279061343376723	1	0.46230279061343376723	0.24857892040446539456	0.4985768951771285145
chr1	75600000	76600000	1	0.46230279061343376723	1	0.46230279061343376723	0.24857892040446539456	0.4985768951771285145
chr1	75800000	76800000	1	0.46230279061343376723	1	0.46230279061343376723	0.24857892040446539456	0.4985768951771285145
chr1	76000000	77000000	1	0.46230279061343376723	1	0.46230279061343376723	0.24857892040446539456	0.4985768951771285145
chr1	76200000	77200000	0	1.000000000000000222	1	0	0	0
chr1	76400000	77400000	0	1.000000000000000222	1	0	0	0
chr1	76600000	77600000	0	1.000000000000000222	1	0	0	0
chr1	76800000	77800000	0	1.000000000000000222	1	0	0	0
chr1	77000000	78000000	0	1.000000000000000222	1	0	0	0
chr1	77200000	78200000	1	0.46230279061343382274	1	0.46230279061343382274	0.24857892040446543436	0.4985768951771285544
chr1	77400000	78400000	1	0.46230279061343382274	1	0.46230279061343382274	0.24857892040446543436	0.4985768951771285544
chr1	77600000	78600000	1	0.46230279061343382274	1	0.46230279061343382274	0.24857892040446543436	0.4985768951771285544
chr1	77800000	78800000	1	0.46230279061343382274	1	0.46230279061343382274	0.24857892040446543436	0.4985768951771285544
chr1	78000000	79000000	1	0.46230279061343382274	1	0.46230279061343382274	0.24857892040446543436	0.4985768951771285544
chr1	78200000	79200000	0	1.000000000000000222	1	0	0	0
chr1	78400000	79400000	0	1.000000000000000222	1	0	0	0
chr1	78600000	79600000	0	1.000000000000000222	1	0	0	0
chr1	78800000	79800000	0	1.000000000000000222	1	0	0	0
chr1	79000000	80000000	0	1.000000000000000222	1	0	0	0
chr1	79200000	80200000	0	1.000000000000000222	1	0	0	0
chr1	79400000	80400000	0	1.000000000000000222	1	0	0	0
chr1	79600000	80600000	0	1.000000000000000222	1	0	0	0
chr1	79800000	80800000	0	1.000000000000000222	1	0	0	0
chr1	80000000	81000000	0	1.000000000000000222	1	0	0	0
chr1	80200000	81200000	0	1.000000000000000222	1	0	0	0
chr1	80400000	81400000	0	1.000000000000000222	1	0	0	0
chr1	80600000	81600000	0	1.000000000000000222	1	0	0	0
chr1	80800000	81800000	0	1.000000000000000222	1	0	0	0
chr1	81000000	82000000	0	1.000000000000000222	1	0	0	0
chr1	81200000	82200000	0	1.000000000000000222	1	0	0	0
chr1	81400000	82400000	0	1.000000000000000222	1	0	0	0
chr1	81600000	82600000	0	1.000000000000000222	1	0	0	0
chr1	81800000	82800000	0	1.000000000000000222	1	0	0	0
chr1	82000000	83000000	0	1.000000000000000222	1	0	0	0
chr1	82200000	83200000	0	1.000000000000000222	1	0	0	0
chr1	82400000	83400000	0	1.000000000000000222	1	0	0	0
chr1	82600000	83600000	0	1.000000000000000222	1	0	0	0
chr1	82800000	83800000	0	1.000000000000000222	1	0	0	0
chr1	83000000	84000000	0	1.000000000000000222	1	0	0	0
chr1	83200000	84200000	0	1.000000000000000222	1	0	0	0
chr1	83400000	84400000	0	1.000000000000000222	1	0	0	0
chr1	83600000	84600000	0	1.000000000000000222	1	0	0	0
chr1	83800000	84800000	0	1.000000000000000222	1	0	0	0
chr1	84000000	85000000	0	1.000000000000000222	1	0	0	0
chr1	84200000	85200000	0	1.000000000000000222	1	0	0	0
chr1	84400000	85400000	0	1.000000000000000222	1	0	0	0
chr1	84600000	85600000	0	1.000000000000000222	1	0	0	0
chr1	84800000	85800000	0	1.000000000000000222	1	0	0	0
chr1	85000000	86000000	0	1.000000000000000222	1	0	0	0
chr1	85200000	86200000	0	1.000000000000000222	1	0	0	0
chr1	85400000	86400000	0	1.000000000000000222	1	0	0	0
chr1	85600000	86600000	0	1.000000000000000222	1	0	0	0
chr1	85800000	86800000	0	1.000000000000000222	1	0	0	0
chr1	86000000	87000000	0	1.000000000000000222	1	0	0	0
chr1	86200000	87200000	0	1.000000000000000222	1	0	0	0
chr1	86400000	87400000	0	1.000000000000000222	1	0	0	0
chr1	86600000	87600000	0	1.000000000000000222	1	0	0	0
chr1	86800000	87800000	0	1.000000000000000222	1	0	0	0
chr1	87000000	88000000	1	0.46230279061343382274	1	0.46230279061343382274	0.24857892040446543436	0.4985768951771285544
chr1	87200000	88200000	1	0.46230279061343382274	1	0.46230279061343382274	0.24857892040446543436	0.4985768951771285544
chr1	87400000	88400000	1	0.46230279061343382274	1	0.46230279061343382274	0.24857892040446543436	0.4985768951771285544
chr1	87600000	88600000	1	0.46230279061343382274	1	0.46230279061343382274	0.24857892040446543436	0.4985768951771285544
chr1	87800000	88800000	1	0.46230279061343382274	1	0.46230279061343382274	0.24857892040446543436	0.4985768951771285544
chr1	88000000	89000000	0	1.000000000000000222	1	0	0	0
chr1	88200000	89200000	0	1.000000000000000222	1	0	0	0
chr1	88400000	89400000	0	1.000000000000000222	1	0	0	0
chr1	88600000	89600000	0	1.000000000000000222	1	0	0	0
chr1	88800000	89800000	0	1.000000000000000222	1	0	0	0
chr1	89000000	90000000	0	1.000000000000000222	1	0	0	0
chr1	89200000	90200000	0	1.000000000000000222	1	0	0	0
chr1	89400000	90400000	0	1.000000000000000222	1	0	0	0
chr1	89600000	90600000	0	1.000000000000000222	1	0	0	0
chr1	89800000	90800000	0	1.000000000000000222	1	0	0	0
chr1	90000000	91000000	0	1.000000000000000222	1	0	0	0
chr1	90200000	91200000	0	1.000000000000000222	1	0	0	0
chr1	90400000	91400000	0	1.000000000000000222	1	0	0	0
chr1	90600000	91600000	0	1.000000000000000222	1	0	0	0
chr1	90800000	91800000	0	1.000000000000000222	1	0	0	0
chr1	91000000	92000000	0	1.000000000000000222	1	0	0	0
chr1	91200000	92200000	0	1.000000000000000222	1	0	0	0
chr1	91400000	92400000	0	1.000000000000000222	1	0	0	0
chr1	91600000	92600000	0	1.000000000000000222	1	0	0	0
chr1	91800000	92800000	0	1.000000000000000222	1	0	0	0
chr1	92000000	93000000	0	1.000000000000000222	1	0	0	0
chr1	92200000	93200000	0	1.000000000000000222	1	0	0	0
chr1	92400000	93400000	0	1.000000000000000222	1	0	0	0
chr1	92600000	93600000	0	1.000000000000000222	1	0	0	0
chr1	92800000	93800000	0	1.000000000000000222	1	0	0	0
chr1	93000000	94000000	0	1.000000000000000222	1	0	0	0
chr1	93200000	94200000	0	1.000000000000000222	1	0	0	0
chr1	93400000	94400000	0	1.000000000000000222	1	0	0	0
chr1	93600000	94600000	0	1.000000000000000222	1	0	0	0
chr1	93800000	94800000	0	1.000000000000000222	1	0	0	0
chr1	94000000	95000000	0	1.000000000000000222	1	0	0	0
chr1	94200000	95200000	0	1.000000000000000222	1	0	0	0
chr1	94400000	95400000	0	1.000000000000000222	1	0	0	0
chr1	94600000	95600000	0	1.000000000000000222	1	0	0	0
chr1	94800000	95800000	0	1.000000000000000222	1	0	0	0
chr1	95000000	96000000	0	1.000000000000000222	1	0	0	0
chr1	95200000	96200000	0	1.000000000000000222	1	0	0	0
chr1	95400000	96400000	0	1.000000000000000222	1	0	0	0
chr1	95600000	96600000	0	1.000000000000000222	1	0	0	0
chr1	95800000	96800000	0	1.000000000000000222	1	0	0	0
chr1	96000000	97000000	0	1.000000000000000222	1	0	0	0
chr1	96200000	97200000	0	1.000000000000000222	1	0	0	0
chr1	96400000	97400000	0	1.000000000000000222	1	0	0	0
chr1	96600000	97600000	0	1.000000000000000222	1	0	0	0
chr1	96800000	97800000	0	1.000000000000000222	1	0	0	0
chr1	97000000	98000000	0	1.000000000000000222	1	0	0	0
chr1	97200000	98200000	0	1.000000000000000222	1	0	0	0
chr1	97400000	98400000	0	1.000000000000000222	1	0	0	0
chr1	97600000	98600000	0	1.000000000000000222	1	0	0	0
chr1	97800000	98800000	0	1.000000000000000222	1	0	0	0
chr1	98000000	99000000	0	1.000000000000000222	1	0	0	0
chr1	98200000	99200000	0	1.000000000000000222	1	0	0	0
chr1	98400000	99400000	0	1.000000000000000222	1	0	0	0
chr1	98600000	99600000	0	1.000000000000000222	1	0	0	0
chr1	98800000	99800000	0	1.000000000000000222	1	0	0	0
chr1	99000000	100000000	0	1.000000000000000222	1	0	0	0
chr1	99200000	100000000	0	1.000000000000000222	1	0	0	0
chr1	99400000	100000000	0	1.000000000000000222	1	0	0	0
chr1	99600000	100000000	0	1	1	0	0	0
chr1	99800000	100000000	0	1	1	0	0	0
