chr_name	begin	end	overlap_count	p-value	p-value_adjusted	mean	variance	standard_deviation	z-score
chr1	0	1000000	0	1.0000000000000004441	1	0	0	0
chr1	100000	1100000	0	1.0000000000000004441	1	0	0	0
chr1	200000	1200000	0	1.0000000000000004441	1	0	0	0
chr1	300000	1300000	0	1.0000000000000004441	1	0	0	0
chr1	400000	1400000	0	1.0000000000000004441	1	0	0	0
chr1	500000	1500000	0	1.0000000000000006661	1	0.46230279061343393376	0.2485789204044655139	0.49857689517712863416
chr1	600000	1600000	0	1.0000000000000006661	1	0.46230279061343393376	0.2485789204044655139	0.49857689517712863416
chr1	700000	1700000	0	1.0000000000000006661	1	0.46230279061343393376	0.2485789204044655139	0.49857689517712863416
chr1	800000	1800000	0	1.0000000000000006661	1	0.46230279061343393376	0.2485789204044655139	0.49857689517712863416
chr1	900000	1900000	0	1.0000000000000006661	1	0.46230279061343393376	0.2485789204044655139	0.49857689517712863416
chr1	1000000	2000000	1	0.7108817110178994314	1	0.924605581226867812	0.4971578408089309651	0.7050942070453642332
chr1	1100000	2100000	1	0.7108817110178994314	1	0.924605581226867812	0.4971578408089309651	0.7050942070453642332
chr1	1200000	2200000	1	0.7108817110178994314	1	0.924605581226867812	0.4971578408089309651	0.7050942070453642332
chr1	1300000	2300000	1	0.7108817110178994314	1	0.924605581226867812	0.4971578408089309651	0.7050942070453642332
chr1	1400000	2400000	1	0.7108817110178994314	1	0.924605581226867812	0.4971578408089309651	0.7050942070453642332
chr1	1500000	2500000	1	0.46230279061343393376	1	0.46230279061343393376	0.24857892040446549019	0.4985768951771286104
chr1	1600000	2600000	1	0.46230279061343393376	1	0.46230279061343393376	0.24857892040446549019	0.4985768951771286104
chr1	1700000	2700000	1	0.46230279061343393376	1	0.46230279061343393376	0.24857892040446549019	0.4985768951771286104
chr1	1800000	2800000	1	0.46230279061343393376	1	0.46230279061343393376	0.24857892040446549019	0.4985768951771286104
chr1	1900000	2900000	2	0.21372387020896843612	1	0.92460558122686786753	0.49715784080893096546	0.7050942070453642335
chr1	2000000	3000000	1	0.46230279061343393376	1	0.46230279061343393376	0.2485789204044655139	0.49857689517712863416
chr1	2100000	3100000	1	0.46230279061343393376	1	0.46230279061343393376	0.2485789204044655139	0.49857689517712863416
chr1	2200000	3200000	1	0.46230279061343393376	1	0.46230279061343393376	0.2485789204044655139	0.49857689517712863416
chr1	2300000	3300000	1	0.7108817110178994314	1	0.92460558122686786753	0.4971578408089310129	0.70509420704536426714
chr1	2400000	3400000	2	0.44356132739028641954	1	1.3869083718403017458	0.7457367612133964902	0.8635605139267291037
chr1	2500000	3500000	2	0.44356132739028641954	1	1.3869083718403017458	0.7457367612133964902	0.8635605139267291037
chr1	2600000	3600000	2	0.44356132739028641954	1	1.3869083718403017458	0.7457367612133964902	0.8635605139267291037
chr1	2700000	3700000	2	0.44356132739028641954	1	1.3869083718403017458	0.7457367612133964902	0.8635605139267291037
chr1	2800000	3800000	2	0.44356132739028641954	1	1.3869083718403017458	0.7457367612133964902	0.8635605139267291037
chr1	2900000	3900000	1	0.84454190283170593734	1	1.3869083718403017458	0.7457367612133964902	0.8635605139267291037
chr1	3000000	4000000	1	0.84454190283170593734	1	1.3869083718403017458	0.7457367612133964902	0.8635605139267291037
chr1	3100000	4100000	1	0.84454190283170593734	1	1.3869083718403017458	0.7457367612133964902	0.8635605139267291037
chr1	3200000	4200000	1	0.84454190283170593734	1	1.3869083718403017458	0.7457367612133964902	0.8635605139267291037
chr1	3300000	4300000	2	0.44356132739028641954	1	1.3869083718403016903	0.7457367612133964285	0.86356051392672906797
chr1	3400000	4400000	1	0.7108817110178994314	1	0.924605581226867812	0.4971578408089309651	0.7050942070453642332
chr1	3500000	4500000	1	0.7108817110178994314	1	0.924605581226867812	0.4971578408089309651	0.7050942070453642332
chr1	3600000	4600000	1	0.7108817110178994314	1	0.924605581226867812	0.4971578408089309651	0.7050942070453642332
chr1	3700000	4700000	1	0.7108817110178994314	1	0.924605581226867812	0.4971578408089309651	0.7050942070453642332
chr1	3800000	4800000	1	0.7108817110178994314	1	0.924605581226867812	0.4971578408089309651	0.7050942070453642332
chr1	3900000	4900000	1	0.46230279061343393376	1	0.46230279061343393376	0.24857892040446549019	0.4985768951771286104
chr1	4000000	5000000	1	0.46230279061343393376	1	0.46230279061343393376	0.24857892040446549019	0.4985768951771286104
chr1	4100000	5100000	1	0.46230279061343393376	1	0.46230279061343393376	0.24857892040446549019	0.4985768951771286104
chr1	4200000	5200000	1	0.46230279061343393376	1	0.46230279061343393376	0.24857892040446549019	0.4985768951771286104
chr1	4300000	5300000	0	1.0000000000000004441	1	0	0	0
chr1	4400000	5400000	0	1.0000000000000004441	1	0	0	0
chr1	4500000	5500000	1	0.46230279061343393376	1	0.46230279061343393376	0.2485789204044655139	0.49857689517712863416
chr1	4600000	5600000	2	0.21372387020896838061	1	0.924605581226867701	0.49715784080893090093	0.7050942070453641877
chr1	4700000	5700000	2	0.21372387020896838061	1	0.924605581226867701	0.49715784080893090093	0.7050942070453641877
chr1	4800000	5800000	2	0.21372387020896838061	1	0.924605581226867701	0.49715784080893090093	0.7050942070453641877
chr1	4900000	5900000	2	0.21372387020896838061	1	0.924605581226867701	0.49715784080893090093	0.7050942070453641877
chr1	5000000	6000000	2	0.44356132739028636403	1	1.3869083718403015792	0.7457367612133964076	0.8635605139267290558
chr1	5100000	6100000	2	0.44356132739028630851	1	1.3869083718403015792	0.7457367612133964076	0.8635605139267290558
chr1	5200000	6200000	2	0.44356132739028630851	1	1.3869083718403015792	0.7457367612133964076	0.8635605139267290558
chr1	5300000	6300000	2	0.44356132739028630851	1	1.3869083718403015792	0.7457367612133964076	0.8635605139267290558
chr1	5400000	6400000	2	0.44356132739028630851	1	1.3869083718403015792	0.7457367612133964076	0.8635605139267290558
chr1	5500000	6500000	1	0.7108817110178993204	1	0.9246055812268677565	0.49715784080893096481	0.70509420704536423304
chr1	5600000	6600000	0	1.0000000000000006661	1	0.46230279061343387825	0.24857892040446549786	0.49857689517712861806
chr1	5700000	6700000	0	1.0000000000000006661	1	0.46230279061343387825	0.24857892040446549786	0.49857689517712861806
chr1	5800000	6800000	0	1.0000000000000006661	1	0.46230279061343387825	0.24857892040446549786	0.49857689517712861806
chr1	5900000	6900000	0	1.0000000000000004441	1	0.9246055812268677565	0.4971578408089309487	0.7050942070453642216
chr1	6000000	7000000	0	1.0000000000000006661	1	0.46230279061343393376	0.2485789204044655139	0.49857689517712863416
chr1	6100000	7100000	0	1.0000000000000006661	1	0.46230279061343393376	0.2485789204044655139	0.49857689517712863416
chr1	6200000	7200000	0	1.0000000000000006661	1	0.46230279061343393376	0.2485789204044655139	0.49857689517712863416
chr1	6300000	7300000	0	1.0000000000000006661	1	0.46230279061343393376	0.2485789204044655139	0.49857689517712863416
chr1	6400000	7400000	0	1.0000000000000004441	1	0.92460558122686786753	0.4971578408089310129	0.70509420704536426714
chr1	6500000	7500000	0	1.0000000000000004441	1	0.92460558122686786753	0.4971578408089310129	0.70509420704536426714
chr1	6600000	7600000	0	1.0000000000000004441	1	0.92460558122686786753	0.4971578408089310129	0.70509420704536426714
chr1	6700000	7700000	1	0.91641061497606257635	1	1.8492111624537353742	0.9943156816178617992	0.99715379035425713973
chr1	6800000	7800000	1	0.9758327800248134398	1	2.7738167436806031238	1.4914735224267971615	1.2212589907250620366
chr1	6900000	7900000	1	0.95505422093828962193	1	2.3115139530671690582	1.2428946020223318289	1.114851829626848587
chr1	7000000	8000000	2	0.85116142550567130964	1	2.7738167436806031238	1.4914735224267971615	1.2212589907250620366
chr1	7100000	8100000	2	0.85116142550567130964	1	2.7738167436806031238	1.4914735224267971615	1.2212589907250620366
chr1	7200000	8200000	2	0.85116142550567130964	1	2.7738167436806031238	1.4914735224267971615	1.2212589907250620366
chr1	7300000	8300000	2	0.85116142550567130964	1	2.7738167436806031238	1.4914735224267971615	1.2212589907250620366
chr1	7400000	8400000	2	0.7618361911271536169	1	2.3115139530671690582	1.2428946020223318289	1.114851829626848587
chr1	7500000	8500000	2	0.7618361911271536169	1	2.3115139530671690582	1.2428946020223318289	1.114851829626848587
chr1	7600000	8600000	2	0.85116142550567130964	1	2.7738167436806032903	1.4914735224267974737	1.2212589907250621644
chr1	7700000	8700000	1	0.91641061497606202124	1	1.8492111624537355408	0.994315681617866476	0.9971537903542594848
chr1	7800000	8800000	1	0.7108817110178994314	1	0.92460558122686786753	0.4971578408089310129	0.70509420704536426714
chr1	7900000	8900000	1	0.7108817110178994314	1	0.92460558122686786753	0.4971578408089310129	0.70509420704536426714
chr1	8000000	9000000	0	1.0000000000000006661	1	0.46230279061343393376	0.2485789204044655139	0.49857689517712863416
chr1	8100000	9100000	0	1.0000000000000006661	1	0.46230279061343393376	0.2485789204044655139	0.49857689517712863416
chr1	8200000	9200000	0	1.0000000000000006661	1	0.46230279061343393376	0.2485789204044655139	0.49857689517712863416
chr1	8300000	9300000	0	1.0000000000000006661	1	0.46230279061343393376	0.2485789204044655139	0.49857689517712863416
chr1	8400000	9400000	0	1.0000000000000006661	1	0.46230279061343393376	0.2485789204044655139	0.49857689517712863416
chr1	8500000	9500000	0	1.0000000000000006661	1	0.46230279061343393376	0.2485789204044655139	0.49857689517712863416
chr1	8600000	9600000	0	1.0000000000000006661	1	0.46230279061343393376	0.2485789204044655139	0.49857689517712863416
chr1	8700000	9700000	0	1.0000000000000004441	1	0.92460558122686786753	0.4971578408089310129	0.70509420704536426714
chr1	8800000	9800000	0	1.000000000000000222	1	1.8492111624537354575	0.9943156816178618164	0.99715379035425714835
chr1	8900000	9900000	0	1.0000000000000004441	1	1.8492111624537355685	0.9943156816178618178	0.99715379035425714906
chr1	9000000	10000000	0	1.0000000000000004441	1	1.8492111624537355685	0.9943156816178618178	0.99715379035425714906
chr1	9100000	10100000	0	1.0000000000000004441	1	1.8492111624537355685	0.9943156816178618178	0.99715379035425714906
chr1	9200000	10200000	0	1.0000000000000004441	1	1.8492111624537355685	0.9943156816178618178	0.99715379035425714906
chr1	9300000	10300000	0	1.0000000000000004441	1	1.8492111624537355685	0.9943156816178618178	0.99715379035425714906
chr1	9400000	10400000	0	1.0000000000000004441	1	1.8492111624537355685	0.9943156816178618178	0.99715379035425714906
chr1	9500000	10500000	0	1.0000000000000004441	1	1.8492111624537355685	0.9943156816178618178	0.99715379035425714906
chr1	9600000	10600000	0	1.0000000000000004441	1	1.3869083718403016903	0.7457367612133964285	0.86356051392672906797
chr1	9700000	10700000	0	1.0000000000000004441	1	0.924605581226867812	0.4971578408089309651	0.7050942070453642332
chr1	9800000	10800000	0	1.0000000000000004441	1	0	0	0
chr1	9900000	10900000	0	1.0000000000000004441	1	0	0	0
chr1	10000000	11000000	0	1.0000000000000004441	1	0	0	0
chr1	10100000	11100000	0	1.0000000000000004441	1	0	0	0
chr1	10200000	11200000	0	1.0000000000000004441	1	0	0	0
chr1	10300000	11300000	2	0.21372387020896843612	1	0.92460558122686786753	0.4971578408089310129	0.70509420704536426714
chr1	10400000	11400000	2	0.21372387020896843612	1	0.92460558122686786753	0.4971578408089310129	0.70509420704536426714
chr1	10500000	11500000	2	0.21372387020896843612	1	0.92460558122686786753	0.4971578408089310129	0.70509420704536426714
chr1	10600000	11600000	2	0.21372387020896843612	1	0.92460558122686786753	0.4971578408089310129	0.70509420704536426714
chr1	10700000	11700000	2	0.21372387020896843612	1	0.92460558122686786753	0.4971578408089310129	0.70509420704536426714
chr1	10800000	11800000	2	0.21372387020896843612	1	0.92460558122686786753	0.4971578408089310129	0.70509420704536426714
chr1	10900000	11900000	2	0.44356132739028647505	1	1.3869083718403017458	0.74573676121339643676	0.86356051392672907274
chr1	11000000	12000000	2	0.44356132739028647505	1	1.3869083718403017458	0.74573676121339643676	0.86356051392672907274
chr1	11100000	12100000	2	0.44356132739028647505	1	1.3869083718403017458	0.74573676121339643676	0.86356051392672907274
chr1	11200000	12200000	2	0.44356132739028647505	1	1.3869083718403017458	0.74573676121339643676	0.86356051392672907274
chr1	11300000	12300000	0	1.0000000000000006661	1	0.46230279061343393376	0.2485789204044655139	0.49857689517712863416
chr1	11400000	12400000	0	1.0000000000000006661	1	0.46230279061343393376	0.2485789204044655139	0.49857689517712863416
chr1	11500000	12500000	1	0.7108817110178994314	1	0.924605581226867701	0.49715784080893090093	0.7050942070453641877
chr1	11600000	12600000	1	0.8445419028317058263	1	1.3869083718403016903	0.7457367612133964285	0.86356051392672906797
chr1	11700000	12700000	1	0.8445419028317058263	1	1.3869083718403016903	0.7457367612133964285	0.86356051392672906797
chr1	11800000	12800000	1	0.8445419028317058263	1	1.3869083718403015792	0.74573676121339635425	0.8635605139267290249
chr1	11900000	12900000	1	0.7108817110178994314	1	0.924605581226867701	0.49715784080893090093	0.7050942070453641877
chr1	12000000	13000000	1	0.7108817110178994314	1	0.924605581226867701	0.49715784080893090093	0.7050942070453641877
chr1	12100000	13100000	2	0.6289357663986351321	1	1.849211162453735402	0.99431568161786177643	0.99715379035425712835
chr1	12200000	13200000	2	0.6289357663986351321	1	1.849211162453735402	0.99431568161786177643	0.99715379035425712835
chr1	12300000	13300000	2	0.6289357663986351321	1	1.849211162453735402	0.99431568161786177643	0.99715379035425712835
chr1	12400000	13400000	2	0.76183619112715406096	1	2.3115139530671688917	1.2428946020223272322	1.1148518296268465254
chr1	12500000	13500000	1	0.9164106149760627984	1	1.8492111624537356518	0.99431568161786205637	0.9971537903542572687
chr1	12600000	13600000	1	0.84454190283170593734	1	1.3869083718403017458	0.74573676121339643676	0.86356051392672907274
chr1	12700000	13700000	1	0.84454190283170593734	1	1.3869083718403017458	0.74573676121339643676	0.86356051392672907274
chr1	12800000	13800000	1	0.9164106149760627984	1	1.8492111624537356518	0.99431568161786205637	0.9971537903542572687
chr1	12900000	13900000	1	0.955054220938289844	1	2.3115139530671691137	1.242894602022327243	1.1148518296268465303
chr1	13000000	14000000	1	0.955054220938289955	1	2.3115139530671693635	1.2428946020223274491	1.1148518296268466227
chr1	13100000	14100000	0	1.0000000000000004441	1	1.8492111624537354853	0.9943156816178620151	0.99715379035425724804
chr1	13200000	14200000	0	1.0000000000000004441	1	1.8492111624537354853	0.9943156816178620151	0.99715379035425724804
chr1	13300000	14300000	0	1.000000000000000222	1	2.3115139530671691415	1.2428946020223274382	1.1148518296268466178
chr1	13400000	14400000	0	1.0000000000000004441	1	1.8492111624537355408	0.9943156816178620552	0.9971537903542572681
chr1	13500000	14500000	0	1.000000000000000222	1	2.3115139530671691415	1.2428946020223274382	1.1148518296268466178
chr1	13600000	14600000	0	1.000000000000000222	1	2.3115139530671691415	1.2428946020223274382	1.1148518296268466178
chr1	13700000	14700000	0	1.000000000000000222	1	2.3115139530671691415	1.2428946020223274382	1.1148518296268466178
chr1	13800000	14800000	0	1.0000000000000004441	1	1.8492111624537355408	0.9943156816178620552	0.9971537903542572681
chr1	13900000	14900000	0	1.0000000000000004441	1	1.3869083718403017458	0.7457367612133964902	0.8635605139267291037
chr1	14000000	15000000	0	1.0000000000000004441	1	1.3869083718403017458	0.7457367612133964902	0.8635605139267291037
chr1	14100000	15100000	0	1.0000000000000004441	1	0.92460558122686786753	0.4971578408089310129	0.70509420704536426714
chr1	14200000	15200000	0	1.0000000000000004441	1	0.92460558122686786753	0.4971578408089310129	0.70509420704536426714
chr1	14300000	15300000	0	1.0000000000000006661	1	0.46230279061343393376	0.2485789204044655139	0.49857689517712863416
chr1	14400000	15400000	0	1.0000000000000004441	1	0.92460558122686786753	0.4971578408089310129	0.70509420704536426714
chr1	14500000	15500000	0	1.0000000000000006661	1	0.46230279061343393376	0.2485789204044655139	0.49857689517712863416
chr1	14600000	15600000	0	1.0000000000000006661	1	0.46230279061343393376	0.2485789204044655139	0.49857689517712863416
chr1	14700000	15700000	1	0.7108817110178994314	1	0.92460558122686786753	0.4971578408089310129	0.70509420704536426714
chr1	14800000	15800000	1	0.7108817110178994314	1	0.92460558122686786753	0.4971578408089310129	0.70509420704536426714
chr1	14900000	15900000	1	0.7108817110178994314	1	0.92460558122686786753	0.4971578408089310129	0.70509420704536426714
chr1	15000000	16000000	1	0.7108817110178994314	1	0.92460558122686786753	0.4971578408089310129	0.70509420704536426714
chr1	15100000	16100000	1	0.7108817110178994314	1	0.92460558122686786753	0.4971578408089310129	0.70509420704536426714
chr1	15200000	16200000	1	0.7108817110178994314	1	0.92460558122686786753	0.4971578408089310129	0.70509420704536426714
chr1	15300000	16300000	1	0.7108817110178994314	1	0.92460558122686786753	0.4971578408089310129	0.70509420704536426714
chr1	15400000	16400000	2	0.21372387020896843612	1	0.92460558122686786753	0.4971578408089310129	0.70509420704536426714
chr1	15500000	16500000	2	0.21372387020896843612	1	0.92460558122686786753	0.4971578408089310129	0.70509420704536426714
chr1	15600000	16600000	2	0.44356132739028641954	1	1.3869083718403017458	0.7457367612133964902	0.8635605139267291037
chr1	15700000	16700000	1	0.7108817110178994314	1	0.92460558122686786753	0.4971578408089310129	0.70509420704536426714
chr1	15800000	16800000	1	0.7108817110178994314	1	0.92460558122686786753	0.4971578408089310129	0.70509420704536426714
chr1	15900000	16900000	2	0.44356132739028641954	1	1.3869083718403017458	0.7457367612133964902	0.8635605139267291037
chr1	16000000	17000000	2	0.44356132739028641954	1	1.3869083718403017458	0.7457367612133964902	0.8635605139267291037
chr1	16100000	17100000	2	0.44356132739028641954	1	1.3869083718403017458	0.7457367612133964902	0.8635605139267291037
chr1	16200000	17200000	2	0.44356132739028641954	1	1.3869083718403017458	0.7457367612133964902	0.8635605139267291037
chr1	16300000	17300000	2	0.44356132739028641954	1	1.3869083718403017458	0.7457367612133964902	0.8635605139267291037
chr1	16400000	17400000	1	0.7108817110178994314	1	0.92460558122686786753	0.4971578408089310129	0.70509420704536426714
chr1	16500000	17500000	1	0.7108817110178994314	1	0.92460558122686786753	0.4971578408089310129	0.70509420704536426714
chr1	16600000	17600000	1	0.46230279061343393376	1	0.46230279061343393376	0.2485789204044655139	0.49857689517712863416
chr1	16700000	17700000	1	0.46230279061343393376	1	0.46230279061343393376	0.2485789204044655139	0.49857689517712863416
chr1	16800000	17800000	1	0.46230279061343393376	1	0.46230279061343393376	0.2485789204044655139	0.49857689517712863416
chr1	16900000	17900000	0	1.0000000000000004441	1	0	0	0
chr1	17000000	18000000	0	1.0000000000000004441	1	0	0	0
chr1	17100000	18100000	1	0.46230279061343393376	1	0.46230279061343393376	0.2485789204044655139	0.49857689517712863416
chr1	17200000	18200000	1	0.46230279061343393376	1	0.46230279061343393376	0.2485789204044655139	0.49857689517712863416
chr1	17300000	18300000	1	0.46230279061343393376	1	0.46230279061343393376	0.2485789204044655139	0.49857689517712863416
chr1	17400000	18400000	1	0.46230279061343393376	1	0.46230279061343393376	0.2485789204044655139	0.49857689517712863416
chr1	17500000	18500000	1	0.46230279061343393376	1	0.46230279061343393376	0.2485789204044655139	0.49857689517712863416
chr1	17600000	18600000	1	0.46230279061343393376	1	0.46230279061343393376	0.2485789204044655139	0.49857689517712863416
chr1	17700000	18700000	1	0.7108817110178994314	1	0.92460558122686786753	0.4971578408089310129	0.70509420704536426714
chr1	17800000	18800000	1	0.7108817110178994314	1	0.92460558122686786753	0.4971578408089310129	0.70509420704536426714
chr1	17900000	18900000	1	0.7108817110178994314	1	0.92460558122686786753	0.4971578408089310129	0.70509420704536426714
chr1	18000000	19000000	1	0.7108817110178994314	1	0.92460558122686786753	0.4971578408089310129	0.70509420704536426714
chr1	18100000	19100000	0	1.0000000000000006661	1	0.46230279061343393376	0.2485789204044655139	0.49857689517712863416
chr1	18200000	19200000	0	1.0000000000000006661	1	0.46230279061343393376	0.2485789204044655139	0.49857689517712863416
chr1	18300000	19300000	0	1.0000000000000006661	1	0.46230279061343393376	0.2485789204044655139	0.49857689517712863416
chr1	18400000	19400000	0	1.0000000000000006661	1	0.46230279061343393376	0.2485789204044655139	0.49857689517712863416
chr1	18500000	19500000	0	1.0000000000000006661	1	0.46230279061343393376	0.2485789204044655139	0.49857689517712863416
chr1	18600000	19600000	0	1.0000000000000006661	1	0.46230279061343393376	0.2485789204044655139	0.49857689517712863416
chr1	18700000	19700000	0	1.0000000000000004441	1	0	0	0
chr1	18800000	19800000	0	1.0000000000000004441	1	0	0	0
chr1	18900000	19900000	0	1.0000000000000004441	1	0	0	0
chr1	19000000	20000000	0	1.0000000000000004441	1	0	0	0
chr1	19100000	20100000	0	1.0000000000000004441	1	0	0	0
chr1	19200000	20200000	0	1.0000000000000004441	1	0	0	0
chr1	19300000	20300000	0	1.0000000000000004441	1	0	0	0
chr1	19400000	20400000	0	1.0000000000000004441	1	0.46230279061343398928	0.2485789204044654825	0.49857689517712860266
chr1	19500000	20500000	0	1.0000000000000004441	1	0.46230279061343398928	0.2485789204044654825	0.49857689517712860266
chr1	19600000	20600000	0	1.0000000000000004441	1	0.92460558122686786753	0.49715784080893096546	0.7050942070453642335
chr1	19700000	20700000	1	0.84454190283170593734	1	1.3869083718403017458	0.74573676121339643676	0.86356051392672907274
chr1	19800000	20800000	1	0.84454190283170593734	1	1.3869083718403017458	0.74573676121339643676	0.86356051392672907274
chr1	19900000	20900000	1	0.84454190283170593734	1	1.3869083718403017458	0.74573676121339643676	0.86356051392672907274
chr1	20000000	21000000	1	0.84454190283170593734	1	1.3869083718403017458	0.74573676121339643676	0.86356051392672907274
chr1	20100000	21100000	1	0.9164106149760626874	1	1.849211162453735402	0.99431568161786177643	0.99715379035425712835
chr1	20200000	21200000	1	0.91641061497606257635	1	1.849211162453735402	0.99431568161786177643	0.99715379035425712835
chr1	20300000	21300000	1	0.91641061497606257635	1	1.849211162453735402	0.99431568161786177643	0.99715379035425712835
chr1	20400000	21400000	1	0.8445419028317057153	1	1.3869083718403015792	0.7457367612133964076	0.8635605139267290558
chr1	20500000	21500000	1	0.91641061497606257635	1	1.849211162453735291	0.994315681617861703	0.9971537903542570915
chr1	20600000	21600000	1	0.8445419028317057153	1	1.3869083718403015792	0.7457367612133964076	0.8635605139267290558
chr1	20700000	21700000	0	1.0000000000000004441	1	0.9246055812268676455	0.49715784080893090063	0.7050942070453641875
chr1	20800000	21800000	0	1.0000000000000004441	1	0.9246055812268676455	0.49715784080893090063	0.7050942070453641875
chr1	20900000	21900000	0	1.0000000000000004441	1	0.9246055812268676455	0.49715784080893090063	0.7050942070453641875
chr1	21000000	22000000	0	1.0000000000000004441	1	0.9246055812268676455	0.49715784080893090063	0.7050942070453641875
chr1	21100000	22100000	0	1.0000000000000006661	1	0.46230279061343393376	0.2485789204044655139	0.49857689517712863416
chr1	21200000	22200000	0	1.0000000000000006661	1	0.46230279061343393376	0.2485789204044655139	0.49857689517712863416
chr1	21300000	22300000	0	1.0000000000000006661	1	0.46230279061343393376	0.2485789204044655139	0.49857689517712863416
chr1	21400000	22400000	0	1.0000000000000006661	1	0.46230279061343393376	0.2485789204044655139	0.49857689517712863416
chr1	21500000	22500000	0	1.0000000000000004441	1	0	0	0
chr1	21600000	22600000	0	1.0000000000000004441	1	0	0	0
chr1	21700000	22700000	0	1.0000000000000004441	1	0	0	0
chr1	21800000	22800000	0	1.0000000000000004441	1	0	0	0
chr1	21900000	22900000	0	1.0000000000000004441	1	0	0	0
chr1	22000000	23000000	0	1.0000000000000004441	1	0	0	0
chr1	22100000	23100000	0	1.0000000000000004441	1	0.46230279061343398928	0.24857892040446550623	0.49857689517712862646
chr1	22200000	23200000	0	1.0000000000000004441	1	0.46230279061343398928	0.24857892040446550623	0.49857689517712862646
chr1	22300000	23300000	0	1.0000000000000004441	1	0.46230279061343398928	0.24857892040446550623	0.49857689517712862646
chr1	22400000	23400000	0	1.0000000000000004441	1	0.46230279061343398928	0.24857892040446550623	0.49857689517712862646
chr1	22500000	23500000	0	1.0000000000000004441	1	0.46230279061343398928	0.24857892040446550623	0.49857689517712862646
chr1	22600000	23600000	0	1.0000000000000004441	1	0.46230279061343398928	0.24857892040446550623	0.49857689517712862646
chr1	22700000	23700000	0	1.0000000000000004441	1	0.46230279061343398928	0.24857892040446550623	0.49857689517712862646
chr1	22800000	23800000	0	1.0000000000000004441	1	0.46230279061343398928	0.24857892040446550623	0.49857689517712862646
chr1	22900000	23900000	1	0.7108817110178993204	1	0.9246055812268676455	0.49715784080893090063	0.7050942070453641875
chr1	23000000	24000000	1	0.7108817110178993204	1	0.9246055812268676455	0.49715784080893090063	0.7050942070453641875
chr1	23100000	24100000	1	0.46230279061343382274	1	0.46230279061343382274	0.24857892040446548181	0.49857689517712860199
chr1	23200000	24200000	1	0.46230279061343382274	1	0.46230279061343382274	0.24857892040446548181	0.49857689517712860199
chr1	23300000	24300000	1	0.46230279061343382274	1	0.46230279061343382274	0.24857892040446548181	0.49857689517712860199
chr1	23400000	24400000	1	0.46230279061343382274	1	0.46230279061343382274	0.24857892040446548181	0.49857689517712860199
chr1	23500000	24500000	1	0.46230279061343382274	1	0.46230279061343382274	0.24857892040446548181	0.49857689517712860199
chr1	23600000	24600000	1	0.46230279061343382274	1	0.46230279061343382274	0.24857892040446548181	0.49857689517712860199
chr1	23700000	24700000	1	0.46230279061343382274	1	0.46230279061343382274	0.24857892040446548181	0.49857689517712860199
chr1	23800000	24800000	1	0.46230279061343382274	1	0.46230279061343382274	0.24857892040446548181	0.49857689517712860199
chr1	23900000	24900000	1	0.46230279061343393376	1	0.46230279061343393376	0.2485789204044655139	0.49857689517712863416
chr1	24000000	25000000	1	0.46230279061343393376	1	0.46230279061343393376	0.2485789204044655139	0.49857689517712863416
chr1	24100000	25100000	1	0.46230279061343393376	1	0.46230279061343393376	0.2485789204044655139	0.49857689517712863416
chr1	24200000	25200000	2	0.21372387020896843612	1	0.92460558122686786753	0.4971578408089310129	0.70509420704536426714
chr1	24300000	25300000	2	0.21372387020896843612	1	0.92460558122686786753	0.4971578408089310129	0.70509420704536426714
chr1	24400000	25400000	2	0.21372387020896843612	1	0.92460558122686786753	0.4971578408089310129	0.70509420704536426714
chr1	24500000	25500000	2	0.21372387020896843612	1	0.92460558122686786753	0.4971578408089310129	0.70509420704536426714
chr1	24600000	25600000	2	0.21372387020896843612	1	0.92460558122686786753	0.4971578408089310129	0.70509420704536426714
chr1	24700000	25700000	2	0.21372387020896843612	1	0.92460558122686786753	0.4971578408089310129	0.70509420704536426714
chr1	24800000	25800000	2	0.21372387020896843612	1	0.92460558122686786753	0.4971578408089310129	0.70509420704536426714
chr1	24900000	25900000	1	0.46230279061343393376	1	0.46230279061343393376	0.2485789204044655139	0.49857689517712863416
chr1	25000000	26000000	1	0.46230279061343393376	1	0.46230279061343393376	0.2485789204044655139	0.49857689517712863416
chr1	25100000	26100000	1	0.46230279061343393376	1	0.46230279061343393376	0.2485789204044655139	0.49857689517712863416
chr1	25200000	26200000	0	1.0000000000000004441	1	0	0	0
chr1	25300000	26300000	0	1.0000000000000004441	1	0	0	0
chr1	25400000	26400000	0	1.0000000000000004441	1	0	0	0
chr1	25500000	26500000	0	1.0000000000000004441	1	0	0	0
chr1	25600000	26600000	0	1.0000000000000004441	1	0	0	0
chr1	25700000	26700000	1	0.46230279061343393376	1	0.46230279061343393376	0.2485789204044655139	0.49857689517712863416
chr1	25800000	26800000	2	0.21372387020896843612	1	0.92460558122686786753	0.4971578408089310129	0.70509420704536426714
chr1	25900000	26900000	2	0.21372387020896843612	1	0.92460558122686786753	0.4971578408089310129	0.70509420704536426714
chr1	26000000	27000000	2	0.6289357663986351321	1	1.8492111624537356518	0.99431568161786205637	0.9971537903542572687
chr1	26100000	27100000	2	0.6289357663986351321	1	1.8492111624537356518	0.99431568161786205637	0.9971537903542572687
chr1	26200000	27200000	2	0.6289357663986351321	1	1.8492111624537356518	0.99431568161786205637	0.9971537903542572687
chr1	26300000	27300000	2	0.6289357663986351321	1	1.8492111624537356518	0.99431568161786205637	0.9971537903542572687
chr1	26400000	27400000	3	0.5831857223701188975	1	2.7738167436806031585	1.491473522426792979	1.2212589907250603242
chr1	26500000	27500000	3	0.5831857223701188975	1	2.7738167436806029365	1.4914735224267928954	1.22125899072506029
chr1	26600000	27600000	3	0.70707163774628212227	1	3.2361195342940375017	1.7400524428312582677	1.3191104740814009121
chr1	26700000	27700000	2	0.85116142550567186476	1	2.7738167436806036026	1.4914735224267930481	1.2212589907250603525
chr1	26800000	27800000	2	0.85116142550567175373	1	2.7738167436806033805	1.4914735224267929817	1.2212589907250603254
chr1	26900000	27900000	2	0.85116142550567175373	1	2.773816743680603325	1.4914735224267928071	1.2212589907250602538
chr1	27000000	28000000	2	0.6289357663986351321	1	1.8492111624537356518	0.9943156816178619495	0.99715379035425721514
chr1	27100000	28100000	3	0.42958512930585646128	1	2.3115139530671698215	1.2428946020223273928	1.1148518296268465974
chr1	27200000	28200000	3	0.42958512930585646128	1	2.3115139530671698215	1.2428946020223273928	1.1148518296268465974
chr1	27300000	28300000	3	0.42958512930585646128	1	2.3115139530671698215	1.2428946020223273928	1.1148518296268465974
chr1	27400000	28400000	2	0.44356132739028641954	1	1.3869083718403017458	0.74573676121339643676	0.86356051392672907274
chr1	27500000	28500000	2	0.44356132739028641954	1	1.3869083718403017458	0.74573676121339643676	0.86356051392672907274
chr1	27600000	28600000	2	0.21372387020896843612	1	0.924605581226867812	0.4971578408089309651	0.7050942070453642332
chr1	27700000	28700000	2	0.21372387020896843612	1	0.924605581226867812	0.4971578408089309651	0.7050942070453642332
chr1	27800000	28800000	1	0.46230279061343393376	1	0.46230279061343393376	0.2485789204044655139	0.49857689517712863416
chr1	27900000	28900000	1	0.46230279061343393376	1	0.46230279061343393376	0.2485789204044655139	0.49857689517712863416
chr1	28000000	29000000	1	0.46230279061343393376	1	0.46230279061343393376	0.2485789204044655139	0.49857689517712863416
chr1	28100000	29100000	0	1.0000000000000004441	1	0	0	0
chr1	28200000	29200000	0	1.0000000000000004441	1	0	0	0
chr1	28300000	29300000	0	1.0000000000000004441	1	0	0	0
chr1	28400000	29400000	0	1.0000000000000006661	1	0.46230279061343393376	0.2485789204044655139	0.49857689517712863416
chr1	28500000	29500000	0	1.0000000000000004441	1	0.92460558122686786753	0.4971578408089310129	0.70509420704536426714
chr1	28600000	29600000	0	1.0000000000000004441	1	0.92460558122686786753	0.4971578408089310129	0.70509420704536426714
chr1	28700000	29700000	0	1.0000000000000004441	1	0.92460558122686786753	0.4971578408089310129	0.70509420704536426714
chr1	28800000	29800000	0	1.0000000000000004441	1	0.92460558122686786753	0.4971578408089310129	0.70509420704536426714
chr1	28900000	29900000	0	1.0000000000000004441	1	0.92460558122686786753	0.4971578408089310129	0.70509420704536426714
chr1	29000000	30000000	0	1.0000000000000004441	1	0.92460558122686786753	0.4971578408089310129	0.70509420704536426714
chr1	29100000	30100000	0	1.0000000000000004441	1	0.92460558122686786753	0.4971578408089310129	0.70509420704536426714
chr1	29200000	30200000	0	1.0000000000000004441	1	0.92460558122686786753	0.4971578408089310129	0.70509420704536426714
chr1	29300000	30300000	0	1.0000000000000004441	1	0.92460558122686786753	0.4971578408089310129	0.70509420704536426714
chr1	29400000	30400000	0	1.0000000000000006661	1	0.92460558122686792304	0.49715784080893101322	0.70509420704536426736
chr1	29500000	30500000	0	1.0000000000000004441	1	0.46230279061343398928	0.24857892040446552996	0.49857689517712865026
chr1	29600000	30600000	0	1.0000000000000004441	1	0.46230279061343398928	0.24857892040446552996	0.49857689517712865026
chr1	29700000	30700000	0	1.0000000000000004441	1	0.46230279061343398928	0.24857892040446552996	0.49857689517712865026
chr1	29800000	30800000	0	1.0000000000000004441	1	0.46230279061343398928	0.24857892040446552996	0.49857689517712865026
chr1	29900000	30900000	0	1.0000000000000004441	1	0.46230279061343398928	0.24857892040446552996	0.49857689517712865026
chr1	30000000	31000000	0	1.0000000000000004441	1	0.46230279061343398928	0.24857892040446552996	0.49857689517712865026
chr1	30100000	31100000	0	1.0000000000000004441	1	0.46230279061343398928	0.24857892040446552996	0.49857689517712865026
chr1	30200000	31200000	0	1.0000000000000004441	1	0.46230279061343398928	0.24857892040446552996	0.49857689517712865026
chr1	30300000	31300000	0	1.0000000000000004441	1	0.46230279061343398928	0.24857892040446552996	0.49857689517712865026
chr1	30400000	31400000	0	1.0000000000000004441	1	0	0	0
chr1	30500000	31500000	0	1.0000000000000004441	1	0	0	0
chr1	30600000	31600000	0	1.0000000000000004441	1	0	0	0
chr1	30700000	31700000	0	1.0000000000000004441	1	0	0	0
chr1	30800000	31800000	0	1.0000000000000004441	1	0	0	0
chr1	30900000	31900000	0	1.0000000000000004441	1	0	0	0
chr1	31000000	32000000	0	1.0000000000000004441	1	0	0	0
chr1	31100000	32100000	1	0.46230279061343393376	1	0.46230279061343393376	0.2485789204044655139	0.49857689517712863416
chr1	31200000	32200000	1	0.46230279061343393376	1	0.46230279061343393376	0.2485789204044655139	0.49857689517712863416
chr1	31300000	32300000	1	0.46230279061343393376	1	0.46230279061343393376	0.2485789204044655139	0.49857689517712863416
chr1	31400000	32400000	1	0.46230279061343393376	1	0.46230279061343393376	0.2485789204044655139	0.49857689517712863416
chr1	31500000	32500000	1	0.46230279061343393376	1	0.46230279061343393376	0.2485789204044655139	0.49857689517712863416
chr1	31600000	32600000	1	0.84454190283170593734	1	1.3869083718403018013	0.7457367612133965902	0.86356051392672916154
chr1	31700000	32700000	1	0.9164106149760626874	1	1.849211162453735624	0.99431568161786215146	0.9971537903542573164
chr1	31800000	32800000	1	0.9164106149760626874	1	1.849211162453735624	0.99431568161786215146	0.9971537903542573164
chr1	31900000	32900000	1	0.9164106149760626874	1	1.849211162453735624	0.99431568161786215146	0.9971537903542573164
chr1	32000000	33000000	1	0.9164106149760626874	1	1.849211162453735624	0.99431568161786215146	0.9971537903542573164
chr1	32100000	33100000	0	1.0000000000000004441	1	1.3869083718403018013	0.7457367612133965902	0.86356051392672916154
chr1	32200000	33200000	0	1.0000000000000004441	1	1.3869083718403018013	0.7457367612133965902	0.86356051392672916154
chr1	32300000	33300000	0	1.0000000000000004441	1	1.3869083718403018013	0.7457367612133965902	0.86356051392672916154
chr1	32400000	33400000	0	1.0000000000000004441	1	1.3869083718403018013	0.7457367612133965902	0.86356051392672916154
chr1	32500000	33500000	0	1.0000000000000004441	1	1.3869083718403018013	0.7457367612133965902	0.86356051392672916154
chr1	32600000	33600000	0	1.0000000000000004441	1	0.924605581226867701	0.49715784080893090093	0.7050942070453641877
chr1	32700000	33700000	0	1.0000000000000004441	1	0.46230279061343387825	0.24857892040446547414	0.4985768951771285943
chr1	32800000	33800000	0	1.0000000000000004441	1	0.46230279061343387825	0.24857892040446547414	0.4985768951771285943
chr1	32900000	33900000	0	1.0000000000000004441	1	0.46230279061343387825	0.24857892040446547414	0.4985768951771285943
chr1	33000000	34000000	0	1.0000000000000004441	1	0.46230279061343387825	0.24857892040446547414	0.4985768951771285943
chr1	33100000	34100000	0	1.0000000000000004441	1	0.46230279061343387825	0.24857892040446547414	0.4985768951771285943
chr1	33200000	34200000	0	1.0000000000000004441	1	0.46230279061343387825	0.24857892040446547414	0.4985768951771285943
chr1	33300000	34300000	0	1.0000000000000004441	1	0.46230279061343387825	0.24857892040446547414	0.4985768951771285943
chr1	33400000	34400000	1	0.7108817110178994314	1	0.924605581226867701	0.49715784080893090093	0.7050942070453641877
chr1	33500000	34500000	1	0.7108817110178994314	1	0.924605581226867701	0.49715784080893090093	0.7050942070453641877
chr1	33600000	34600000	1	0.46230279061343393376	1	0.46230279061343393376	0.2485789204044655139	0.49857689517712863416
chr1	33700000	34700000	1	0.46230279061343393376	1	0.46230279061343393376	0.2485789204044655139	0.49857689517712863416
chr1	33800000	34800000	1	0.46230279061343393376	1	0.46230279061343393376	0.2485789204044655139	0.49857689517712863416
chr1	33900000	34900000	1	0.46230279061343393376	1	0.46230279061343393376	0.2485789204044655139	0.49857689517712863416
chr1	34000000	35000000	1	0.7108817110178994314	1	0.924605581226867701	0.49715784080893090093	0.7050942070453641877
chr1	34100000	35100000	1	0.7108817110178994314	1	0.924605581226867701	0.49715784080893090093	0.7050942070453641877
chr1	34200000	35200000	1	0.7108817110178994314	1	0.924605581226867701	0.49715784080893090093	0.7050942070453641877
chr1	34300000	35300000	1	0.7108817110178994314	1	0.924605581226867701	0.49715784080893090093	0.7050942070453641877
chr1	34400000	35400000	0	1.0000000000000004441	1	0.924605581226867701	0.49715784080893090093	0.7050942070453641877
chr1	34500000	35500000	0	1.0000000000000004441	1	0.924605581226867701	0.49715784080893090093	0.7050942070453641877
chr1	34600000	35600000	0	1.0000000000000004441	1	0.924605581226867701	0.49715784080893090093	0.7050942070453641877
chr1	34700000	35700000	1	0.84454190283170593734	1	1.3869083718403016903	0.7457367612133963751	0.863560513926729037
chr1	34800000	35800000	1	0.8445419028317057153	1	1.3869083718403015792	0.74573676121339635425	0.8635605139267290249
chr1	34900000	35900000	1	0.84454190283170593734	1	1.3869083718403016903	0.7457367612133963751	0.863560513926729037
chr1	35000000	36000000	1	0.7108817110178994314	1	0.924605581226867812	0.4971578408089309651	0.7050942070453642332
chr1	35100000	36100000	1	0.7108817110178994314	1	0.924605581226867812	0.4971578408089309651	0.7050942070453642332
chr1	35200000	36200000	1	0.7108817110178994314	1	0.924605581226867812	0.4971578408089309651	0.7050942070453642332
chr1	35300000	36300000	1	0.7108817110178994314	1	0.924605581226867812	0.4971578408089309651	0.7050942070453642332
chr1	35400000	36400000	1	0.7108817110178994314	1	0.92460558122686786753	0.49715784080893096546	0.7050942070453642335
chr1	35500000	36500000	1	0.7108817110178994314	1	0.924605581226867812	0.4971578408089309651	0.7050942070453642332
chr1	35600000	36600000	1	0.7108817110178994314	1	0.924605581226867812	0.4971578408089309651	0.7050942070453642332
chr1	35700000	36700000	0	1.0000000000000004441	1	0.46230279061343393376	0.24857892040446549019	0.4985768951771286104
chr1	35800000	36800000	0	1.0000000000000006661	1	0.92460558122686786753	0.49715784080893096546	0.7050942070453642335
chr1	35900000	36900000	1	0.84454190283170593734	1	1.3869083718403017458	0.74573676121339643676	0.86356051392672907274
chr1	36000000	37000000	1	0.84454190283170593734	1	1.3869083718403017458	0.74573676121339643676	0.86356051392672907274
chr1	36100000	37100000	1	0.84454190283170593734	1	1.3869083718403017458	0.74573676121339643676	0.86356051392672907274
chr1	36200000	37200000	3	0.42958512930585646128	1	2.3115139530671698492	1.2428946020223275518	1.1148518296268466688
chr1	36300000	37300000	3	0.42958512930585646128	1	2.3115139530671698492	1.2428946020223275518	1.1148518296268466688
chr1	36400000	37400000	3	0.25818688838193781798	1	1.8492111624537357628	0.9943156816178620931	0.99715379035425728713
chr1	36500000	37500000	3	0.25818688838193781798	1	1.8492111624537357628	0.9943156816178620931	0.99715379035425728713
chr1	36600000	37600000	3	0.42958512930585646128	1	2.3115139530671693774	1.2428946020223274514	1.1148518296268466238
chr1	36700000	37700000	3	0.42958512930585646128	1	2.3115139530671698215	1.242894602022327504	1.1148518296268466474
chr1	36800000	37800000	3	0.25818688838193776247	1	1.8492111624537355963	0.99431568161786201636	0.99715379035425724864
chr1	36900000	37900000	2	0.44356132739028647505	1	1.3869083718403017458	0.7457367612133964902	0.8635605139267291037
chr1	37000000	38000000	2	0.44356132739028647505	1	1.3869083718403017458	0.7457367612133964902	0.8635605139267291037
chr1	37100000	38100000	2	0.44356132739028647505	1	1.3869083718403016903	0.74573676121339648186	0.8635605139267290988
chr1	37200000	38200000	0	1.0000000000000006661	1	0.46230279061343398928	0.24857892040446552996	0.49857689517712865026
chr1	37300000	38300000	0	1.0000000000000006661	1	0.46230279061343398928	0.24857892040446552996	0.49857689517712865026
chr1	37400000	38400000	0	1.0000000000000006661	1	0.46230279061343398928	0.24857892040446552996	0.49857689517712865026
chr1	37500000	38500000	0	1.0000000000000006661	1	0.46230279061343398928	0.24857892040446552996	0.49857689517712865026
chr1	37600000	38600000	0	1.0000000000000004441	1	0	0	0
chr1	37700000	38700000	0	1.0000000000000004441	1	0	0	0
chr1	37800000	38800000	1	0.46230279061343393376	1	0.46230279061343393376	0.2485789204044655139	0.49857689517712863416
chr1	37900000	38900000	1	0.46230279061343393376	1	0.46230279061343393376	0.2485789204044655139	0.49857689517712863416
chr1	38000000	39000000	1	0.46230279061343393376	1	0.46230279061343393376	0.2485789204044655139	0.49857689517712863416
chr1	38100000	39100000	1	0.46230279061343393376	1	0.46230279061343393376	0.2485789204044655139	0.49857689517712863416
chr1	38200000	39200000	1	0.46230279061343393376	1	0.46230279061343393376	0.2485789204044655139	0.49857689517712863416
chr1	38300000	39300000	1	0.7108817110178994314	1	0.924605581226867812	0.49715784080893101257	0.70509420704536426687
chr1	38400000	39400000	1	0.84454190283170593734	1	1.3869083718403016903	0.7457367612133964285	0.86356051392672906797
chr1	38500000	39500000	1	0.955054220938289844	1	2.311513953067169766	1.2428946020223274086	1.1148518296268466046
chr1	38600000	39600000	1	0.955054220938289955	1	2.3115139530671691553	1.2428946020223274407	1.114851829626846619
chr1	38700000	39700000	1	0.955054220938289955	1	2.3115139530671691553	1.2428946020223274407	1.114851829626846619
chr1	38800000	39800000	0	1.000000000000000222	1	1.8492111624537354853	0.99431568161786187276	0.99715379035425717665
chr1	38900000	39900000	0	1.000000000000000222	1	1.8492111624537354853	0.99431568161786187276	0.99715379035425717665
chr1	39000000	40000000	0	1.000000000000000222	1	1.8492111624537354853	0.99431568161786187276	0.99715379035425717665
chr1	39100000	40100000	0	1.000000000000000222	1	1.8492111624537354853	0.99431568161786187276	0.99715379035425717665
chr1	39200000	40200000	0	1.000000000000000222	1	1.8492111624537354297	0.9943156816178618327	0.99715379035425715654
chr1	39300000	40300000	0	1.0000000000000004441	1	1.3869083718403017458	0.74573676121339643676	0.86356051392672907274
chr1	39400000	40400000	0	1.0000000000000004441	1	1.3869083718403017458	0.74573676121339643676	0.86356051392672907274
chr1	39500000	40500000	0	1.0000000000000006661	1	0.46230279061343393376	0.2485789204044655139	0.49857689517712863416
chr1	39600000	40600000	0	1.0000000000000006661	1	0.46230279061343393376	0.2485789204044655139	0.49857689517712863416
chr1	39700000	40700000	0	1.0000000000000006661	1	0.46230279061343393376	0.2485789204044655139	0.49857689517712863416
chr1	39800000	40800000	0	1.0000000000000006661	1	0.46230279061343393376	0.2485789204044655139	0.49857689517712863416
chr1	39900000	40900000	0	1.0000000000000006661	1	0.46230279061343393376	0.2485789204044655139	0.49857689517712863416
chr1	40000000	41000000	0	1.0000000000000006661	1	0.46230279061343393376	0.2485789204044655139	0.49857689517712863416
chr1	40100000	41100000	0	1.0000000000000006661	1	0.46230279061343393376	0.2485789204044655139	0.49857689517712863416
chr1	40200000	41200000	0	1.0000000000000006661	1	0.46230279061343393376	0.2485789204044655139	0.49857689517712863416
chr1	40300000	41300000	0	1.0000000000000006661	1	0.46230279061343393376	0.2485789204044655139	0.49857689517712863416
chr1	40400000	41400000	0	1.0000000000000004441	1	0	0	0
chr1	40500000	41500000	0	1.0000000000000004441	1	0	0	0
chr1	40600000	41600000	0	1.0000000000000004441	1	0	0	0
chr1	40700000	41700000	0	1.0000000000000004441	1	0	0	0
chr1	40800000	41800000	0	1.0000000000000004441	1	0	0	0
chr1	40900000	41900000	0	1.0000000000000004441	1	0.46230279061343393376	0.2485789204044655139	0.49857689517712863416
chr1	41000000	42000000	0	1.0000000000000004441	1	0.46230279061343393376	0.2485789204044655139	0.49857689517712863416
chr1	41100000	42100000	1	0.687627922798961011	1	0.88135858679766565515	0.4920269562730969871	0.7014463317126243174
chr1	41200000	42200000	1	0.7108817110178994314	1	0.92460558122686786753	0.4971578408089310129	0.70509420704536426714
chr1	41300000	42300000	1	0.7108817110178994314	1	0.92460558122686786753	0.4971578408089310129	0.70509420704536426714
chr1	41400000	42400000	2	0.44356132739028641954	1	1.3869083718403017458	0.74573676121339643676	0.86356051392672907274
chr1	41500000	42500000	2	0.44356132739028641954	1	1.3869083718403017458	0.74573676121339643676	0.86356051392672907274
chr1	41600000	42600000	2	0.44356132739028641954	1	1.3869083718403017458	0.74573676121339643676	0.86356051392672907274
chr1	41700000	42700000	2	0.44356132739028641954	1	1.3869083718403017458	0.74573676121339643676	0.86356051392672907274
chr1	41800000	42800000	2	0.44356132739028647505	1	1.3869083718403018013	0.74573676121339644934	0.86356051392672908
chr1	41900000	42900000	2	0.21372387020896849164	1	0.92460558122686797855	0.49715784080893107708	0.7050942070453643126
chr1	42000000	43000000	2	0.21372387020896849164	1	0.92460558122686797855	0.49715784080893107708	0.7050942070453643126
chr1	42100000	43100000	2	0.1411728768748886087	1	0.76767165219344962734	0.46069764036180644513	0.67874711075761231936
chr1	42200000	43200000	1	0.46230279061343393376	1	0.46230279061343393376	0.2485789204044655139	0.49857689517712863416
chr1	42300000	43300000	2	0.21372387020896838061	1	0.9246055812268676455	0.49715784080893094806	0.7050942070453642211
chr1	42400000	43400000	1	0.46230279061343382274	1	0.46230279061343382274	0.24857892040446548181	0.49857689517712860199
chr1	42500000	43500000	1	0.46230279061343382274	1	0.46230279061343382274	0.24857892040446548181	0.49857689517712860199
chr1	42600000	43600000	1	0.46230279061343382274	1	0.46230279061343382274	0.24857892040446548181	0.49857689517712860199
chr1	42700000	43700000	2	0.21372387020896838061	1	0.924605581226867701	0.4971578408089309484	0.7050942070453642214
chr1	42800000	43800000	2	0.21372387020896838061	1	0.924605581226867701	0.4971578408089309484	0.7050942070453642214
chr1	42900000	43900000	2	0.44356132739028630851	1	1.3869083718403016348	0.74573676121339641594	0.86356051392672906065
chr1	43000000	44000000	2	0.44356132739028630851	1	1.3869083718403016348	0.74573676121339641594	0.86356051392672906065
chr1	43100000	44100000	2	0.44356132739028630851	1	1.3869083718403016348	0.74573676121339641594	0.86356051392672906065
chr1	43200000	44200000	2	0.44356132739028630851	1	1.3869083718403016348	0.74573676121339641594	0.86356051392672906065
chr1	43300000	44300000	1	0.7108817110178994314	1	0.92460558122686786753	0.4971578408089310129	0.70509420704536426714
chr1	43400000	44400000	1	0.7108817110178994314	1	0.92460558122686786753	0.4971578408089310129	0.70509420704536426714
chr1	43500000	44500000	1	0.7108817110178994314	1	0.92460558122686786753	0.4971578408089310129	0.70509420704536426714
chr1	43600000	44600000	1	0.8445419028317058263	1	1.3869083718403017458	0.74573676121339643676	0.86356051392672907274
chr1	43700000	44700000	0	1.0000000000000004441	1	0.924605581226867701	0.4971578408089309484	0.7050942070453642214
chr1	43800000	44800000	0	1.0000000000000004441	1	0.924605581226867701	0.4971578408089309484	0.7050942070453642214
chr1	43900000	44900000	0	1.0000000000000004441	1	0.9246055812268676455	0.49715784080893090063	0.7050942070453641875
chr1	44000000	45000000	0	1.0000000000000004441	1	0.924605581226867701	0.49715784080893090093	0.7050942070453641877
chr1	44100000	45100000	1	0.8445419028317058263	1	1.3869083718403015792	0.7457367612133964076	0.8635605139267290558
chr1	44200000	45200000	2	0.6289357663986350211	1	1.849211162453735402	0.99431568161786177643	0.99715379035425712835
chr1	44300000	45300000	2	0.6289357663986350211	1	1.849211162453735402	0.99431568161786177643	0.99715379035425712835
chr1	44400000	45400000	2	0.6289357663986350211	1	1.849211162453735402	0.99431568161786177643	0.99715379035425712835
chr1	44500000	45500000	2	0.6289357663986350211	1	1.849211162453735402	0.99431568161786177643	0.99715379035425712835
chr1	44600000	45600000	2	0.44356132739028641954	1	1.3869083718403016903	0.7457367612133964285	0.86356051392672906797
chr1	44700000	45700000	2	0.44356132739028641954	1	1.3869083718403016903	0.7457367612133964285	0.86356051392672906797
chr1	44800000	45800000	2	0.6289357663986351321	1	1.8492111624537355408	0.9943156816178619128	0.9971537903542571967
chr1	44900000	45900000	2	0.6289357663986351321	1	1.8492111624537353742	0.99431568161786194155	0.9971537903542572111
chr1	45000000	46000000	2	0.6289357663986351321	1	1.8492111624537355408	0.9943156816178620552	0.9971537903542572681
chr1	45100000	46100000	1	0.8445419028317058263	1	1.3869083718403017458	0.74573676121339643676	0.86356051392672907274
chr1	45200000	46200000	0	1.0000000000000004441	1	0.924605581226867812	0.49715784080893101257	0.70509420704536426687
chr1	45300000	46300000	0	1.0000000000000004441	1	0.924605581226867812	0.49715784080893101257	0.70509420704536426687
chr1	45400000	46400000	0	1.0000000000000004441	1	0.924605581226867812	0.49715784080893101257	0.70509420704536426687
chr1	45500000	46500000	0	1.0000000000000004441	1	0.924605581226867812	0.49715784080893101257	0.70509420704536426687
chr1	45600000	46600000	0	1.0000000000000004441	1	0.924605581226867812	0.49715784080893101257	0.70509420704536426687
chr1	45700000	46700000	1	0.8445419028317058263	1	1.3869083718403017458	0.74573676121339643676	0.86356051392672907274
chr1	45800000	46800000	1	0.7108817110178994314	1	0.924605581226867812	0.49715784080893101257	0.70509420704536426687
chr1	45900000	46900000	1	0.46230279061343393376	1	0.46230279061343393376	0.2485789204044655139	0.49857689517712863416
chr1	46000000	47000000	1	0.46230279061343393376	1	0.46230279061343393376	0.2485789204044655139	0.49857689517712863416
chr1	46100000	47100000	1	0.46230279061343393376	1	0.46230279061343393376	0.2485789204044655139	0.49857689517712863416
chr1	46200000	47200000	1	0.46230279061343393376	1	0.46230279061343393376	0.2485789204044655139	0.49857689517712863416
chr1	46300000	47300000	1	0.46230279061343393376	1	0.46230279061343393376	0.2485789204044655139	0.49857689517712863416
chr1	46400000	47400000	1	0.46230279061343393376	1	0.46230279061343393376	0.2485789204044655139	0.49857689517712863416
chr1	46500000	47500000	1	0.46230279061343393376	1	0.46230279061343393376	0.2485789204044655139	0.49857689517712863416
chr1	46600000	47600000	1	0.46230279061343393376	1	0.46230279061343393376	0.2485789204044655139	0.49857689517712863416
chr1	46700000	47700000	0	1.0000000000000004441	1	0	0	0
chr1	46800000	47800000	0	1.0000000000000004441	1	0	0	0
chr1	46900000	47900000	0	1.0000000000000004441	1	0	0	0
chr1	47000000	48000000	0	1.0000000000000004441	1	0	0	0
chr1	47100000	48100000	0	1.0000000000000006661	1	0.46230279061343393376	0.2485789204044655139	0.49857689517712863416
chr1	47200000	48200000	0	1.0000000000000006661	1	0.46230279061343393376	0.2485789204044655139	0.49857689517712863416
chr1	47300000	48300000	0	1.0000000000000006661	1	0.46230279061343393376	0.2485789204044655139	0.49857689517712863416
chr1	47400000	48400000	0	1.0000000000000006661	1	0.46230279061343393376	0.2485789204044655139	0.49857689517712863416
chr1	47500000	48500000	0	1.0000000000000006661	1	0.46230279061343393376	0.2485789204044655139	0.49857689517712863416
chr1	47600000	48600000	0	1.0000000000000006661	1	0.46230279061343393376	0.2485789204044655139	0.49857689517712863416
chr1	47700000	48700000	0	1.0000000000000006661	1	0.46230279061343393376	0.2485789204044655139	0.49857689517712863416
chr1	47800000	48800000	0	1.0000000000000006661	1	0.46230279061343393376	0.2485789204044655139	0.49857689517712863416
chr1	47900000	48900000	0	1.0000000000000006661	1	0.46230279061343393376	0.2485789204044655139	0.49857689517712863416
chr1	48000000	49000000	0	1.0000000000000006661	1	0.92460558122686803406	0.4971578408089310774	0.70509420704536431284
chr1	48100000	49100000	0	1.0000000000000006661	1	0.46230279061343404479	0.24857892040446554601	0.49857689517712866636
chr1	48200000	49200000	0	1.0000000000000006661	1	0.92460558122686803406	0.4971578408089310774	0.70509420704536431284
chr1	48300000	49300000	0	1.0000000000000006661	1	0.92460558122686803406	0.4971578408089310774	0.70509420704536431284
chr1	48400000	49400000	0	1.0000000000000006661	1	0.92460558122686803406	0.4971578408089310774	0.70509420704536431284
chr1	48500000	49500000	0	1.0000000000000006661	1	0.92460558122686803406	0.4971578408089310774	0.70509420704536431284
chr1	48600000	49600000	0	1.0000000000000006661	1	0.92460558122686803406	0.4971578408089310774	0.70509420704536431284
chr1	48700000	49700000	1	0.84454190283170604836	1	1.3869083718403019678	0.745736761213396566	0.86356051392672914755
chr1	48800000	49800000	1	0.84454190283170604836	1	1.3869083718403019678	0.745736761213396566	0.86356051392672914755
chr1	48900000	49900000	1	0.84454190283170604836	1	1.3869083718403019678	0.745736761213396566	0.86356051392672914755
chr1	49000000	50000000	1	0.8445419028317058263	1	1.3869083718403017458	0.74573676121339643676	0.86356051392672907274
chr1	49100000	50100000	1	0.8445419028317058263	1	1.3869083718403017458	0.74573676121339643676	0.86356051392672907274
chr1	49200000	50200000	1	0.7108817110178994314	1	0.924605581226867812	0.4971578408089309651	0.7050942070453642332
chr1	49300000	50300000	1	0.7108817110178994314	1	0.924605581226867812	0.4971578408089309651	0.7050942070453642332
chr1	49400000	50400000	1	0.7108817110178994314	1	0.924605581226867812	0.4971578408089309651	0.7050942070453642332
chr1	49500000	50500000	1	0.7108817110178994314	1	0.924605581226867812	0.4971578408089309651	0.7050942070453642332
chr1	49600000	50600000	1	0.7108817110178994314	1	0.924605581226867812	0.4971578408089309651	0.7050942070453642332
chr1	49700000	50700000	0	1.0000000000000004441	1	0.92460558122686786753	0.4971578408089310129	0.70509420704536426714
chr1	49800000	50800000	0	1.0000000000000004441	1	0.92460558122686786753	0.4971578408089310129	0.70509420704536426714
chr1	49900000	50900000	0	1.0000000000000004441	1	0.92460558122686786753	0.4971578408089310129	0.70509420704536426714
chr1	50000000	51000000	0	1.0000000000000006661	1	0.46230279061343393376	0.2485789204044655139	0.49857689517712863416
chr1	50100000	51100000	0	1.0000000000000006661	1	0.46230279061343393376	0.2485789204044655139	0.49857689517712863416
chr1	50200000	51200000	0	1.0000000000000006661	1	0.46230279061343393376	0.2485789204044655139	0.49857689517712863416
chr1	50300000	51300000	0	1.0000000000000006661	1	0.46230279061343393376	0.2485789204044655139	0.49857689517712863416
chr1	50400000	51400000	0	1.0000000000000004441	1	0.9246055812268676455	0.49715784080893090063	0.7050942070453641875
chr1	50500000	51500000	0	1.0000000000000004441	1	0.9246055812268676455	0.49715784080893090063	0.7050942070453641875
chr1	50600000	51600000	0	1.0000000000000004441	1	0.9246055812268676455	0.49715784080893090063	0.7050942070453641875
chr1	50700000	51700000	0	1.0000000000000004441	1	0.46230279061343387825	0.2485789204044654504	0.49857689517712857046
chr1	50800000	51800000	0	1.0000000000000004441	1	0.46230279061343387825	0.2485789204044654504	0.49857689517712857046
chr1	50900000	51900000	0	1.0000000000000004441	1	0.9246055812268676455	0.49715784080893090063	0.7050942070453641875
chr1	51000000	52000000	0	1.0000000000000004441	1	0.9246055812268676455	0.49715784080893090063	0.7050942070453641875
chr1	51100000	52100000	0	1.0000000000000004441	1	0.9246055812268676455	0.49715784080893090063	0.7050942070453641875
chr1	51200000	52200000	0	1.0000000000000004441	1	0.9246055812268676455	0.49715784080893090063	0.7050942070453641875
chr1	51300000	52300000	0	1.0000000000000004441	1	0.9246055812268676455	0.49715784080893090063	0.7050942070453641875
chr1	51400000	52400000	0	1.0000000000000006661	1	0.86445813657145004205	0.4890053440798700434	0.69928917057242495484
chr1	51500000	52500000	0	1.0000000000000006661	1	0.92460558122686797855	0.49715784080893107708	0.7050942070453643126
chr1	51600000	52600000	0	1.0000000000000006661	1	0.92460558122686797855	0.49715784080893107708	0.7050942070453643126
chr1	51700000	52700000	0	1.0000000000000006661	1	0.92460558122686797855	0.49715784080893107708	0.7050942070453643126
chr1	51800000	52800000	0	1.0000000000000006661	1	0.92460558122686797855	0.49715784080893107708	0.7050942070453643126
chr1	51900000	52900000	0	1.0000000000000006661	1	0.46230279061343404479	0.24857892040446554601	0.49857689517712866636
chr1	52000000	53000000	0	1.0000000000000006661	1	0.46230279061343404479	0.24857892040446554601	0.49857689517712866636
chr1	52100000	53100000	0	1.0000000000000006661	1	0.46230279061343404479	0.24857892040446554601	0.49857689517712866636
chr1	52200000	53200000	1	0.7108817110178995424	1	0.92460558122686797855	0.49715784080893107708	0.7050942070453643126
chr1	52300000	53300000	1	0.7108817110178995424	1	0.92460558122686797855	0.49715784080893107708	0.7050942070453643126
chr1	52400000	53400000	2	0.3753028360452865253	1	1.2496109468737441883	0.7165347187565476039	0.8464837380343154613
chr1	52500000	53500000	2	0.21372387020896843612	1	0.92460558122686786753	0.4971578408089310129	0.70509420704536426714
chr1	52600000	53600000	2	0.21372387020896843612	1	0.92460558122686786753	0.4971578408089310129	0.70509420704536426714
chr1	52700000	53700000	2	0.21372387020896843612	1	0.92460558122686786753	0.4971578408089310129	0.70509420704536426714
chr1	52800000	53800000	2	0.44356132739028641954	1	1.3869083718403017458	0.7457367612133964902	0.8635605139267291037
chr1	52900000	53900000	2	0.44356132739028641954	1	1.3869083718403017458	0.7457367612133964902	0.8635605139267291037
chr1	53000000	54000000	2	0.44356132739028641954	1	1.3869083718403017458	0.7457367612133964902	0.8635605139267291037
chr1	53100000	54100000	2	0.44356132739028641954	1	1.3869083718403017458	0.7457367612133964902	0.8635605139267291037
chr1	53200000	54200000	1	0.7108817110178994314	1	0.92460558122686786753	0.4971578408089310129	0.70509420704536426714
chr1	53300000	54300000	1	0.84454190283170593734	1	1.3869083718403017458	0.7457367612133964902	0.8635605139267291037
chr1	53400000	54400000	0	1.0000000000000004441	1	0.92460558122686786753	0.4971578408089310129	0.70509420704536426714
chr1	53500000	54500000	0	1.0000000000000004441	1	0.92460558122686786753	0.4971578408089310129	0.70509420704536426714
chr1	53600000	54600000	0	1.0000000000000004441	1	1.3869083718403017458	0.7457367612133964902	0.8635605139267291037
chr1	53700000	54700000	0	1.0000000000000004441	1	1.3869083718403017458	0.7457367612133964902	0.8635605139267291037
chr1	53800000	54800000	0	1.0000000000000004441	1	0.92460558122686786753	0.4971578408089310129	0.70509420704536426714
chr1	53900000	54900000	0	1.0000000000000004441	1	0.92460558122686786753	0.4971578408089310129	0.70509420704536426714
chr1	54000000	55000000	0	1.0000000000000004441	1	0.92460558122686786753	0.4971578408089310129	0.70509420704536426714
chr1	54100000	55100000	0	1.0000000000000004441	1	0.92460558122686786753	0.4971578408089310129	0.70509420704536426714
chr1	54200000	55200000	0	1.0000000000000004441	1	0.92460558122686786753	0.4971578408089310129	0.70509420704536426714
chr1	54300000	55300000	0	1.0000000000000006661	1	0.46230279061343393376	0.2485789204044655139	0.49857689517712863416
chr1	54400000	55400000	0	1.0000000000000006661	1	0.46230279061343393376	0.2485789204044655139	0.49857689517712863416
chr1	54500000	55500000	1	0.84454190283170593734	1	1.3869083718403017458	0.74573676121339643676	0.86356051392672907274
chr1	54600000	55600000	1	0.7108817110178995424	1	0.92460558122686786753	0.4971578408089310129	0.70509420704536426714
chr1	54700000	55700000	1	0.7108817110178995424	1	0.92460558122686786753	0.4971578408089310129	0.70509420704536426714
chr1	54800000	55800000	1	0.7108817110178995424	1	0.92460558122686786753	0.4971578408089310129	0.70509420704536426714
chr1	54900000	55900000	1	0.84454190283170593734	1	1.3869083718403017458	0.74573676121339643676	0.86356051392672907274
chr1	55000000	56000000	1	0.84454190283170593734	1	1.3869083718403017458	0.74573676121339643676	0.86356051392672907274
chr1	55100000	56100000	1	0.84454190283170593734	1	1.3869083718403017458	0.74573676121339643676	0.86356051392672907274
chr1	55200000	56200000	2	0.761836191127154283	1	2.3115139530671698076	1.2428946020223275016	1.1148518296268466463
chr1	55300000	56300000	2	0.761836191127154283	1	2.3115139530671698076	1.2428946020223275016	1.1148518296268466463
chr1	55400000	56400000	2	0.761836191127154283	1	2.3115139530671698076	1.2428946020223275016	1.1148518296268466463
chr1	55500000	56500000	1	0.84454190283170593734	1	1.3869083718403017458	0.74573676121339643676	0.86356051392672907274
chr1	55600000	56600000	1	0.84454190283170593734	1	1.3869083718403017458	0.74573676121339643676	0.86356051392672907274
chr1	55700000	56700000	1	0.84454190283170593734	1	1.3869083718403017458	0.74573676121339643676	0.86356051392672907274
chr1	55800000	56800000	1	0.84454190283170593734	1	1.3869083718403017458	0.74573676121339643676	0.86356051392672907274
chr1	55900000	56900000	1	0.7108817110178995424	1	0.92460558122686786753	0.4971578408089310129	0.70509420704536426714
chr1	56000000	57000000	1	0.7108817110178995424	1	0.92460558122686786753	0.4971578408089310129	0.70509420704536426714
chr1	56100000	57100000	1	0.7108817110178995424	1	0.92460558122686786753	0.4971578408089310129	0.70509420704536426714
chr1	56200000	57200000	0	1.0000000000000004441	1	0	0	0
chr1	56300000	57300000	0	1.0000000000000004441	1	0	0	0
chr1	56400000	57400000	0	1.0000000000000004441	1	0	0	0
chr1	56500000	57500000	0	1.0000000000000004441	1	0	0	0
chr1	56600000	57600000	0	1.0000000000000004441	1	0	0	0
chr1	56700000	57700000	0	1.0000000000000004441	1	0	0	0
chr1	56800000	57800000	0	1.0000000000000004441	1	0	0	0
chr1	56900000	57900000	0	1.0000000000000004441	1	0	0	0
chr1	57000000	58000000	0	1.0000000000000004441	1	0	0	0
chr1	57100000	58100000	0	1.0000000000000004441	1	0	0	0
chr1	57200000	58200000	0	1.0000000000000004441	1	0	0	0
chr1	57300000	58300000	1	0.46230279061343393376	1	0.46230279061343393376	0.24857892040446549019	0.4985768951771286104
chr1	57400000	58400000	1	0.46230279061343393376	1	0.46230279061343393376	0.24857892040446549019	0.4985768951771286104
chr1	57500000	58500000	1	0.46230279061343393376	1	0.46230279061343393376	0.24857892040446549019	0.4985768951771286104
chr1	57600000	58600000	1	0.46230279061343393376	1	0.46230279061343393376	0.24857892040446549019	0.4985768951771286104
chr1	57700000	58700000	1	0.46230279061343393376	1	0.46230279061343393376	0.24857892040446549019	0.4985768951771286104
chr1	57800000	58800000	1	0.46230279061343393376	1	0.46230279061343393376	0.24857892040446549019	0.4985768951771286104
chr1	57900000	58900000	1	0.46230279061343393376	1	0.46230279061343393376	0.24857892040446549019	0.4985768951771286104
chr1	58000000	59000000	1	0.46230279061343393376	1	0.46230279061343393376	0.24857892040446549019	0.4985768951771286104
chr1	58100000	59100000	2	0.21372387020896843612	1	0.924605581226867812	0.4971578408089309651	0.7050942070453642332
chr1	58200000	59200000	2	0.21372387020896843612	1	0.924605581226867812	0.4971578408089309651	0.7050942070453642332
chr1	58300000	59300000	1	0.46230279061343393376	1	0.46230279061343393376	0.2485789204044655139	0.49857689517712863416
chr1	58400000	59400000	1	0.46230279061343393376	1	0.46230279061343393376	0.2485789204044655139	0.49857689517712863416
chr1	58500000	59500000	1	0.46230279061343393376	1	0.46230279061343393376	0.2485789204044655139	0.49857689517712863416
chr1	58600000	59600000	1	0.46230279061343393376	1	0.46230279061343393376	0.2485789204044655139	0.49857689517712863416
chr1	58700000	59700000	1	0.7108817110178994314	1	0.92460558122686786753	0.4971578408089310129	0.70509420704536426714
chr1	58800000	59800000	1	0.9164106149760627984	1	1.8492111624537356518	0.99431568161786205637	0.9971537903542572687
chr1	58900000	59900000	1	0.9164106149760627984	1	1.8492111624537356518	0.99431568161786205637	0.9971537903542572687
chr1	59000000	60000000	1	0.955054220938289955	1	2.3115139530671693635	1.2428946020223274491	1.1148518296268466227
chr1	59100000	60100000	0	1.0000000000000004441	1	1.8492111624537356518	0.99431568161786205637	0.9971537903542572687
chr1	59200000	60200000	0	1.0000000000000004441	1	1.8492111624537356518	0.99431568161786205637	0.9971537903542572687
chr1	59300000	60300000	0	1.0000000000000004441	1	1.8492111624537356518	0.99431568161786205637	0.9971537903542572687
chr1	59400000	60400000	0	1.0000000000000004441	1	1.8492111624537356518	0.99431568161786205637	0.9971537903542572687
chr1	59500000	60500000	0	1.0000000000000004441	1	1.8492111624537356518	0.99431568161786205637	0.9971537903542572687
chr1	59600000	60600000	1	0.955054220938289955	1	2.3115139530671693635	1.2428946020223274491	1.1148518296268466227
chr1	59700000	60700000	1	0.9164106149760627984	1	1.8492111624537356518	0.99431568161786205637	0.9971537903542572687
chr1	59800000	60800000	1	0.7108817110178994314	1	0.92460558122686786753	0.4971578408089310129	0.70509420704536426714
chr1	59900000	60900000	1	0.7108817110178994314	1	0.92460558122686786753	0.4971578408089310129	0.70509420704536426714
chr1	60000000	61000000	1	0.46230279061343393376	1	0.46230279061343393376	0.2485789204044655139	0.49857689517712863416
chr1	60100000	61100000	1	0.46230279061343393376	1	0.46230279061343393376	0.2485789204044655139	0.49857689517712863416
chr1	60200000	61200000	1	0.46230279061343393376	1	0.46230279061343393376	0.2485789204044655139	0.49857689517712863416
chr1	60300000	61300000	1	0.46230279061343393376	1	0.46230279061343393376	0.2485789204044655139	0.49857689517712863416
chr1	60400000	61400000	1	0.46230279061343393376	1	0.46230279061343393376	0.2485789204044655139	0.49857689517712863416
chr1	60500000	61500000	1	0.46230279061343393376	1	0.46230279061343393376	0.2485789204044655139	0.49857689517712863416
chr1	60600000	61600000	0	1.0000000000000004441	1	0	0	0
chr1	60700000	61700000	0	1.0000000000000004441	1	0.46230279061343393376	0.2485789204044655139	0.49857689517712863416
chr1	60800000	61800000	0	1.0000000000000004441	1	0.46230279061343393376	0.2485789204044655139	0.49857689517712863416
chr1	60900000	61900000	0	1.0000000000000004441	1	0.46230279061343393376	0.2485789204044655139	0.49857689517712863416
chr1	61000000	62000000	0	1.0000000000000004441	1	0.46230279061343393376	0.2485789204044655139	0.49857689517712863416
chr1	61100000	62100000	0	1.0000000000000004441	1	0.46230279061343393376	0.2485789204044655139	0.49857689517712863416
chr1	61200000	62200000	0	1.0000000000000004441	1	0.46230279061343393376	0.2485789204044655139	0.49857689517712863416
chr1	61300000	62300000	0	1.0000000000000004441	1	0.46230279061343393376	0.2485789204044655139	0.49857689517712863416
chr1	61400000	62400000	0	1.0000000000000004441	1	0.46230279061343393376	0.2485789204044655139	0.49857689517712863416
chr1	61500000	62500000	0	1.0000000000000004441	1	0.46230279061343393376	0.2485789204044655139	0.49857689517712863416
chr1	61600000	62600000	0	1.0000000000000004441	1	0.46230279061343393376	0.2485789204044655139	0.49857689517712863416
chr1	61700000	62700000	0	1.0000000000000004441	1	0	0	0
chr1	61800000	62800000	0	1.0000000000000004441	1	0	0	0
chr1	61900000	62900000	0	1.0000000000000004441	1	0	0	0
chr1	62000000	63000000	1	0.7108817110178994314	1	0.9246055812268677565	0.4971578408089309487	0.7050942070453642216
chr1	62100000	63100000	1	0.7108817110178994314	1	0.9246055812268677565	0.4971578408089309487	0.7050942070453642216
chr1	62200000	63200000	1	0.7108817110178994314	1	0.9246055812268677565	0.4971578408089309487	0.7050942070453642216
chr1	62300000	63300000	1	0.7108817110178994314	1	0.9246055812268677565	0.4971578408089309487	0.7050942070453642216
chr1	62400000	63400000	2	0.44356132739028641954	1	1.3869083718403016903	0.7457367612133964285	0.86356051392672906797
chr1	62500000	63500000	3	0.25818688838193776247	1	1.8492111624537354575	0.9943156816178618164	0.99715379035425714835
chr1	62600000	63600000	3	0.25818688838193776247	1	1.8492111624537354575	0.9943156816178618164	0.99715379035425714835
chr1	62700000	63700000	3	0.25818688838193776247	1	1.8492111624537354575	0.9943156816178618164	0.99715379035425714835
chr1	62800000	63800000	3	0.25818688838193776247	1	1.8492111624537354575	0.9943156816178618164	0.99715379035425714835
chr1	62900000	63900000	3	0.25818688838193776247	1	1.8492111624537353465	0.9943156816178617429	0.9971537903542571115
chr1	63000000	64000000	2	0.21372387020896843612	1	0.924605581226867812	0.49715784080893101257	0.70509420704536426687
chr1	63100000	64100000	2	0.21372387020896843612	1	0.924605581226867812	0.49715784080893101257	0.70509420704536426687
chr1	63200000	64200000	2	0.21372387020896843612	1	0.924605581226867812	0.49715784080893101257	0.70509420704536426687
chr1	63300000	64300000	2	0.44356132739028641954	1	1.3869083718403017458	0.74573676121339643676	0.86356051392672907274
chr1	63400000	64400000	1	0.7108817110178994314	1	0.92460558122686786753	0.4971578408089310129	0.70509420704536426714
chr1	63500000	64500000	0	1.0000000000000006661	1	0.46230279061343393376	0.2485789204044655139	0.49857689517712863416
chr1	63600000	64600000	0	1.0000000000000006661	1	0.46230279061343393376	0.2485789204044655139	0.49857689517712863416
chr1	63700000	64700000	0	1.0000000000000006661	1	0.46230279061343393376	0.2485789204044655139	0.49857689517712863416
chr1	63800000	64800000	1	0.8434308533544506714	1	1.3869083718403016903	0.7498693825395243936	0.8659499884748104745
chr1	63900000	64900000	1	0.8434308533544506714	1	1.3869083718403016903	0.7498693825395243936	0.8659499884748104745
chr1	64000000	65000000	1	0.9158132067726523218	1	1.8492111624537356518	0.99844830294398996925	0.99922385026779158104
chr1	64100000	65100000	1	0.9158132067726523218	1	1.8492111624537356518	0.99844830294398996925	0.99922385026779158104
chr1	64200000	65200000	2	0.761328865412276512	1	2.3115139530671693358	1.2470272233484552818	1.1167037312324407568
chr1	64300000	65300000	2	0.6285058920543562522	1	1.8492111624537356518	0.99844830294398996925	0.99922385026779158104
chr1	64400000	65400000	2	0.6285058920543562522	1	1.8492111624537356518	0.99844830294398996925	0.99922385026779158104
chr1	64500000	65500000	2	0.6285058920543562522	1	1.8492111624537356518	0.99844830294398996925	0.99922385026779158104
chr1	64600000	65600000	2	0.6285058920543562522	1	1.8492111624537356518	0.99844830294398996925	0.99922385026779158104
chr1	64700000	65700000	2	0.6285058920543562522	1	1.8492111624537356518	0.99844830294398996925	0.99922385026779158104
chr1	64800000	65800000	1	0.84454190283170593734	1	1.3869083718403017458	0.7457367612133964902	0.8635605139267291037
chr1	64900000	65900000	1	0.84454190283170593734	1	1.3869083718403017458	0.7457367612133964902	0.8635605139267291037
chr1	65000000	66000000	4	0.27602962203785630368	1	2.7738167436806033736	1.4920433635515190495	1.2214922691329319459
chr1	65100000	66100000	4	0.27602962203785630368	1	2.7738167436806033736	1.4920433635515190495	1.2214922691329319459
chr1	65200000	66200000	3	0.42960114879057964554	1	2.3115139530671696827	1.2434644431470534593	1.1151073684390456305
chr1	65300000	66300000	3	0.42960114879057964554	1	2.3115139530671696827	1.2434644431470534593	1.1151073684390456305
chr1	65400000	66400000	3	0.42960114879057964554	1	2.3115139530671696827	1.2434644431470534593	1.1151073684390456305
chr1	65500000	66500000	3	0.42960114879057964554	1	2.3115139530671696827	1.2434644431470534593	1.1151073684390456305
chr1	65600000	66600000	3	0.58316199588682082755	1	2.7738167436806033736	1.4920433635515190495	1.2214922691329319459
chr1	65700000	66700000	3	0.58316199588682082755	1	2.7738167436806033736	1.4920433635515190495	1.2214922691329319459
chr1	65800000	66800000	3	0.42960114879057964554	1	2.3115139530671696827	1.2434644431470534593	1.1151073684390456305
chr1	65900000	66900000	3	0.42960114879057959003	1	2.3115139530671696827	1.2434644431470536627	1.1151073684390457218
chr1	66000000	67000000	0	1.0000000000000006661	1	0.46230279061343393376	0.2485789204044655139	0.49857689517712863416
chr1	66100000	67100000	0	1.0000000000000006661	1	0.46230279061343393376	0.2485789204044655139	0.49857689517712863416
chr1	66200000	67200000	0	1.0000000000000006661	1	0.46230279061343393376	0.2485789204044655139	0.49857689517712863416
chr1	66300000	67300000	0	1.0000000000000006661	1	0.46230279061343393376	0.2485789204044655139	0.49857689517712863416
chr1	66400000	67400000	0	1.0000000000000006661	1	0.46230279061343393376	0.2485789204044655139	0.49857689517712863416
chr1	66500000	67500000	0	1.0000000000000006661	1	0.46230279061343393376	0.2485789204044655139	0.49857689517712863416
chr1	66600000	67600000	0	1.0000000000000004441	1	0	0	0
chr1	66700000	67700000	0	1.0000000000000004441	1	0	0	0
chr1	66800000	67800000	0	1.0000000000000004441	1	0	0	0
chr1	66900000	67900000	0	1.0000000000000004441	1	0	0	0
chr1	67000000	68000000	0	1.0000000000000004441	1	0	0	0
chr1	67100000	68100000	0	1.0000000000000004441	1	0	0	0
chr1	67200000	68200000	0	1.0000000000000004441	1	0	0	0
chr1	67300000	68300000	0	1.0000000000000004441	1	0	0	0
chr1	67400000	68400000	0	1.0000000000000004441	1	0	0	0
chr1	67500000	68500000	0	1.0000000000000004441	1	0	0	0
chr1	67600000	68600000	0	1.0000000000000004441	1	0	0	0
chr1	67700000	68700000	0	1.0000000000000006661	1	0.46230279061343393376	0.2485789204044655139	0.49857689517712863416
chr1	67800000	68800000	0	1.0000000000000006661	1	0.46230279061343393376	0.2485789204044655139	0.49857689517712863416
chr1	67900000	68900000	0	1.0000000000000006661	1	0.46230279061343393376	0.2485789204044655139	0.49857689517712863416
chr1	68000000	69000000	0	1.0000000000000006661	1	0.46230279061343393376	0.2485789204044655139	0.49857689517712863416
chr1	68100000	69100000	0	1.0000000000000004441	1	0.92460558122686786753	0.4971578408089310129	0.70509420704536426714
chr1	68200000	69200000	0	1.0000000000000004441	1	0.92460558122686786753	0.4971578408089310129	0.70509420704536426714
chr1	68300000	69300000	0	1.0000000000000004441	1	0.92460558122686786753	0.4971578408089310129	0.70509420704536426714
chr1	68400000	69400000	0	1.0000000000000004441	1	1.3869083718403016348	0.74573676121339641594	0.86356051392672906065
chr1	68500000	69500000	0	1.0000000000000004441	1	1.3869083718403017458	0.74573676121339643676	0.86356051392672907274
chr1	68600000	69600000	0	1.0000000000000004441	1	1.3869083718403017458	0.74573676121339643676	0.86356051392672907274
chr1	68700000	69700000	1	0.8445419028317058263	1	1.3869083718403017458	0.74573676121339643676	0.86356051392672907274
chr1	68800000	69800000	1	0.8445419028317058263	1	1.3869083718403017458	0.74573676121339643676	0.86356051392672907274
chr1	68900000	69900000	1	0.8445419028317058263	1	1.3869083718403017458	0.74573676121339643676	0.86356051392672907274
chr1	69000000	70000000	1	0.8445419028317058263	1	1.3869083718403017458	0.74573676121339643676	0.86356051392672907274
chr1	69100000	70100000	1	0.7108817110178994314	1	0.924605581226867701	0.4971578408089309484	0.7050942070453642214
chr1	69200000	70200000	1	0.7108817110178994314	1	0.924605581226867701	0.4971578408089309484	0.7050942070453642214
chr1	69300000	70300000	1	0.7108817110178994314	1	0.924605581226867701	0.4971578408089309484	0.7050942070453642214
chr1	69400000	70400000	1	0.7108817110178994314	1	0.92460558122686786753	0.4971578408089310129	0.70509420704536426714
chr1	69500000	70500000	1	0.7108817110178994314	1	0.92460558122686786753	0.4971578408089310129	0.70509420704536426714
chr1	69600000	70600000	1	0.7108817110178994314	1	0.92460558122686786753	0.4971578408089310129	0.70509420704536426714
chr1	69700000	70700000	0	1.0000000000000006661	1	0.46230279061343393376	0.2485789204044655139	0.49857689517712863416
chr1	69800000	70800000	0	1.0000000000000006661	1	0.46230279061343393376	0.2485789204044655139	0.49857689517712863416
chr1	69900000	70900000	0	1.0000000000000006661	1	0.46230279061343393376	0.2485789204044655139	0.49857689517712863416
chr1	70000000	71000000	0	1.0000000000000004441	1	0.92460558122686786753	0.4971578408089310129	0.70509420704536426714
chr1	70100000	71100000	0	1.0000000000000004441	1	0.92460558122686786753	0.4971578408089310129	0.70509420704536426714
chr1	70200000	71200000	0	1.0000000000000004441	1	0.92460558122686786753	0.4971578408089310129	0.70509420704536426714
chr1	70300000	71300000	1	0.84454190283170593734	1	1.3869083718403017458	0.7457367612133964902	0.8635605139267291037
chr1	70400000	71400000	1	0.7108817110178994314	1	0.92460558122686786753	0.4971578408089310129	0.70509420704536426714
chr1	70500000	71500000	1	0.7108817110178994314	1	0.92460558122686786753	0.4971578408089310129	0.70509420704536426714
chr1	70600000	71600000	1	0.7108817110178994314	1	0.92460558122686786753	0.4971578408089310129	0.70509420704536426714
chr1	70700000	71700000	1	0.7108817110178994314	1	0.92460558122686786753	0.4971578408089310129	0.70509420704536426714
chr1	70800000	71800000	1	0.7108817110178994314	1	0.92460558122686786753	0.4971578408089310129	0.70509420704536426714
chr1	70900000	71900000	2	0.44356132739028641954	1	1.3869083718403017458	0.7457367612133964902	0.8635605139267291037
chr1	71000000	72000000	2	0.21372387020896843612	1	0.92460558122686786753	0.4971578408089310129	0.70509420704536426714
chr1	71100000	72100000	2	0.21372387020896843612	1	0.92460558122686786753	0.4971578408089310129	0.70509420704536426714
chr1	71200000	72200000	2	0.21372387020896843612	1	0.92460558122686786753	0.4971578408089310129	0.70509420704536426714
chr1	71300000	72300000	1	0.46230279061343393376	1	0.46230279061343393376	0.2485789204044655139	0.49857689517712863416
chr1	71400000	72400000	1	0.46230279061343393376	1	0.46230279061343393376	0.2485789204044655139	0.49857689517712863416
chr1	71500000	72500000	1	0.46230279061343393376	1	0.46230279061343393376	0.2485789204044655139	0.49857689517712863416
chr1	71600000	72600000	1	0.46230279061343393376	1	0.46230279061343393376	0.2485789204044655139	0.49857689517712863416
chr1	71700000	72700000	1	0.46230279061343393376	1	0.46230279061343393376	0.2485789204044655139	0.49857689517712863416
chr1	71800000	72800000	1	0.46230279061343393376	1	0.46230279061343393376	0.2485789204044655139	0.49857689517712863416
chr1	71900000	72900000	0	1.0000000000000004441	1	0	0	0
chr1	72000000	73000000	1	0.46230279061343393376	1	0.46230279061343393376	0.2485789204044655139	0.49857689517712863416
chr1	72100000	73100000	1	0.46230279061343393376	1	0.46230279061343393376	0.2485789204044655139	0.49857689517712863416
chr1	72200000	73200000	1	0.46230279061343393376	1	0.46230279061343393376	0.2485789204044655139	0.49857689517712863416
chr1	72300000	73300000	1	0.46230279061343393376	1	0.46230279061343393376	0.2485789204044655139	0.49857689517712863416
chr1	72400000	73400000	1	0.46230279061343393376	1	0.46230279061343393376	0.2485789204044655139	0.49857689517712863416
chr1	72500000	73500000	1	0.46230279061343393376	1	0.46230279061343393376	0.2485789204044655139	0.49857689517712863416
chr1	72600000	73600000	1	0.46230279061343393376	1	0.46230279061343393376	0.2485789204044655139	0.49857689517712863416
chr1	72700000	73700000	1	0.46230279061343393376	1	0.46230279061343393376	0.2485789204044655139	0.49857689517712863416
chr1	72800000	73800000	1	0.46230279061343393376	1	0.46230279061343393376	0.2485789204044655139	0.49857689517712863416
chr1	72900000	73900000	1	0.46230279061343393376	1	0.46230279061343393376	0.2485789204044655139	0.49857689517712863416
chr1	73000000	74000000	0	1.0000000000000004441	1	0	0	0
chr1	73100000	74100000	1	0.46230279061343393376	1	0.46230279061343393376	0.2485789204044655139	0.49857689517712863416
chr1	73200000	74200000	1	0.46230279061343393376	1	0.46230279061343393376	0.2485789204044655139	0.49857689517712863416
chr1	73300000	74300000	1	0.46230279061343393376	1	0.46230279061343393376	0.2485789204044655139	0.49857689517712863416
chr1	73400000	74400000	1	0.46230279061343393376	1	0.46230279061343393376	0.2485789204044655139	0.49857689517712863416
chr1	73500000	74500000	1	0.46230279061343393376	1	0.46230279061343393376	0.2485789204044655139	0.49857689517712863416
chr1	73600000	74600000	1	0.46230279061343393376	1	0.46230279061343393376	0.2485789204044655139	0.49857689517712863416
chr1	73700000	74700000	1	0.46230279061343393376	1	0.46230279061343393376	0.2485789204044655139	0.49857689517712863416
chr1	73800000	74800000	1	0.46230279061343393376	1	0.46230279061343393376	0.2485789204044655139	0.49857689517712863416
chr1	73900000	74900000	1	0.46230279061343393376	1	0.46230279061343393376	0.2485789204044655139	0.49857689517712863416
chr1	74000000	75000000	1	0.46230279061343393376	1	0.46230279061343393376	0.2485789204044655139	0.49857689517712863416
chr1	74100000	75100000	0	1.0000000000000004441	1	0	0	0
chr1	74200000	75200000	0	1.0000000000000004441	1	0	0	0
chr1	74300000	75300000	0	1.0000000000000004441	1	0	0	0
chr1	74400000	75400000	0	1.0000000000000004441	1	0	0	0
chr1	74500000	75500000	0	1.0000000000000006661	1	0.46230279061343393376	0.2485789204044655139	0.49857689517712863416
chr1	74600000	75600000	0	1.0000000000000006661	1	0.46230279061343393376	0.2485789204044655139	0.49857689517712863416
chr1	74700000	75700000	0	1.0000000000000006661	1	0.46230279061343393376	0.2485789204044655139	0.49857689517712863416
chr1	74800000	75800000	0	1.0000000000000006661	1	0.46230279061343393376	0.2485789204044655139	0.49857689517712863416
chr1	74900000	75900000	0	1.0000000000000006661	1	0.46230279061343393376	0.2485789204044655139	0.49857689517712863416
chr1	75000000	76000000	0	1.0000000000000006661	1	0.46230279061343393376	0.2485789204044655139	0.49857689517712863416
chr1	75100000	76100000	0	1.0000000000000006661	1	0.46230279061343393376	0.2485789204044655139	0.49857689517712863416
chr1	75200000	76200000	0	1.0000000000000006661	1	0.46230279061343393376	0.2485789204044655139	0.49857689517712863416
chr1	75300000	76300000	0	1.0000000000000006661	1	0.46230279061343393376	0.2485789204044655139	0.49857689517712863416
chr1	75400000	76400000	0	1.0000000000000006661	1	0.46230279061343393376	0.2485789204044655139	0.49857689517712863416
chr1	75500000	76500000	0	1.0000000000000004441	1	0	0	0
chr1	75600000	76600000	0	1.0000000000000004441	1	0	0	0
chr1	75700000	76700000	0	1.0000000000000004441	1	0	0	0
chr1	75800000	76800000	0	1.0000000000000004441	1	0.46230279061343393376	0.24857892040446549019	0.4985768951771286104
chr1	75900000	76900000	1	0.7108817110178994314	1	0.92460558122686786753	0.49715784080893096546	0.7050942070453642335
chr1	76000000	77000000	1	0.7108817110178994314	1	0.92460558122686786753	0.49715784080893096546	0.7050942070453642335
chr1	76100000	77100000	1	0.7108817110178994314	1	0.92460558122686786753	0.49715784080893096546	0.7050942070453642335
chr1	76200000	77200000	1	0.7108817110178994314	1	0.92460558122686786753	0.49715784080893096546	0.7050942070453642335
chr1	76300000	77300000	1	0.7108817110178994314	1	0.92460558122686786753	0.49715784080893096546	0.7050942070453642335
chr1	76400000	77400000	1	0.7108817110178994314	1	0.92460558122686786753	0.49715784080893096546	0.7050942070453642335
chr1	76500000	77500000	1	0.7108817110178994314	1	0.92460558122686786753	0.49715784080893096546	0.7050942070453642335
chr1	76600000	77600000	1	0.7108817110178994314	1	0.92460558122686786753	0.49715784080893096546	0.7050942070453642335
chr1	76700000	77700000	1	0.7108817110178994314	1	0.92460558122686786753	0.49715784080893096546	0.7050942070453642335
chr1	76800000	77800000	1	0.46230279061343393376	1	0.46230279061343393376	0.2485789204044655139	0.49857689517712863416
chr1	76900000	77900000	0	1.0000000000000004441	1	0	0	0
chr1	77000000	78000000	0	1.0000000000000004441	1	0	0	0
chr1	77100000	78100000	0	1.0000000000000004441	1	0	0	0
chr1	77200000	78200000	0	1.0000000000000004441	1	0	0	0
chr1	77300000	78300000	1	0.46230279061343387825	1	0.46230279061343387825	0.24857892040446549786	0.49857689517712861806
chr1	77400000	78400000	1	0.46230279061343387825	1	0.46230279061343387825	0.24857892040446549786	0.49857689517712861806
chr1	77500000	78500000	1	0.46230279061343387825	1	0.46230279061343387825	0.24857892040446549786	0.49857689517712861806
chr1	77600000	78600000	2	0.21372387020896838061	1	0.924605581226867701	0.4971578408089309484	0.7050942070453642214
chr1	77700000	78700000	2	0.21372387020896838061	1	0.924605581226867701	0.4971578408089309484	0.7050942070453642214
chr1	77800000	78800000	2	0.21372387020896838061	1	0.924605581226867701	0.4971578408089309484	0.7050942070453642214
chr1	77900000	78900000	2	0.21372387020896838061	1	0.924605581226867701	0.4971578408089309484	0.7050942070453642214
chr1	78000000	79000000	2	0.21372387020896838061	1	0.924605581226867701	0.4971578408089309484	0.7050942070453642214
chr1	78100000	79100000	2	0.21372387020896838061	1	0.924605581226867701	0.4971578408089309484	0.7050942070453642214
chr1	78200000	79200000	2	0.21372387020896838061	1	0.924605581226867701	0.4971578408089309484	0.7050942070453642214
chr1	78300000	79300000	1	0.46230279061343393376	1	0.46230279061343393376	0.2485789204044655139	0.49857689517712863416
chr1	78400000	79400000	1	0.7108817110178994314	1	0.92460558122686786753	0.49715784080893096546	0.7050942070453642335
chr1	78500000	79500000	1	0.7108817110178994314	1	0.924605581226867812	0.4971578408089309651	0.7050942070453642332
chr1	78600000	79600000	1	0.7108817110178994314	1	0.92460558122686786753	0.49715784080893096546	0.7050942070453642335
chr1	78700000	79700000	1	0.84454190283170593734	1	1.3869083718403017458	0.74573676121339643676	0.86356051392672907274
chr1	78800000	79800000	1	0.84454190283170593734	1	1.3869083718403017458	0.74573676121339643676	0.86356051392672907274
chr1	78900000	79900000	1	0.84454190283170593734	1	1.3869083718403017458	0.74573676121339643676	0.86356051392672907274
chr1	79000000	80000000	1	0.84454190283170593734	1	1.3869083718403017458	0.74573676121339643676	0.86356051392672907274
chr1	79100000	80100000	1	0.84454190283170593734	1	1.3869083718403017458	0.74573676121339643676	0.86356051392672907274
chr1	79200000	80200000	1	0.84454190283170593734	1	1.3869083718403017458	0.74573676121339643676	0.86356051392672907274
chr1	79300000	80300000	1	0.84454190283170593734	1	1.3869083718403017458	0.74573676121339643676	0.86356051392672907274
chr1	79400000	80400000	2	0.44356132739028641954	1	1.3869083718403017458	0.7457367612133964902	0.8635605139267291037
chr1	79500000	80500000	2	0.44356132739028641954	1	1.3869083718403017458	0.7457367612133964902	0.8635605139267291037
chr1	79600000	80600000	1	0.84454190283170593734	1	1.3869083718403017458	0.7457367612133964902	0.8635605139267291037
chr1	79700000	80700000	1	0.7108817110178994314	1	0.92460558122686786753	0.4971578408089310129	0.70509420704536426714
chr1	79800000	80800000	1	0.7108817110178994314	1	0.92460558122686786753	0.4971578408089310129	0.70509420704536426714
chr1	79900000	80900000	1	0.7108817110178994314	1	0.92460558122686786753	0.4971578408089310129	0.70509420704536426714
chr1	80000000	81000000	1	0.7108817110178994314	1	0.92460558122686786753	0.4971578408089310129	0.70509420704536426714
chr1	80100000	81100000	1	0.7108817110178994314	1	0.92460558122686786753	0.4971578408089310129	0.70509420704536426714
chr1	80200000	81200000	2	0.44356132739028641954	1	1.3869083718403017458	0.7457367612133964902	0.8635605139267291037
chr1	80300000	81300000	2	0.44356132739028641954	1	1.3869083718403017458	0.7457367612133964902	0.8635605139267291037
chr1	80400000	81400000	1	0.7108817110178994314	1	0.92460558122686786753	0.4971578408089310129	0.70509420704536426714
chr1	80500000	81500000	2	0.44356132739028641954	1	1.3869083718403017458	0.7457367612133964902	0.8635605139267291037
chr1	80600000	81600000	2	0.44356132739028641954	1	1.3869083718403017458	0.7457367612133964902	0.8635605139267291037
chr1	80700000	81700000	2	0.761836191127154172	1	2.3115139530671693635	1.2428946020223274491	1.1148518296268466227
chr1	80800000	81800000	2	0.761836191127154172	1	2.3115139530671693635	1.2428946020223274491	1.1148518296268466227
chr1	80900000	81900000	2	0.761836191127154172	1	2.3115139530671693635	1.2428946020223274491	1.1148518296268466227
chr1	81000000	82000000	2	0.761836191127154172	1	2.3115139530671693635	1.2428946020223274491	1.1148518296268466227
chr1	81100000	82100000	2	0.761836191127154172	1	2.3115139530671693635	1.2428946020223274491	1.1148518296268466227
chr1	81200000	82200000	1	0.9164106149760627984	1	1.8492111624537356518	0.99431568161786205637	0.9971537903542572687
chr1	81300000	82300000	1	0.9164106149760627984	1	1.8492111624537356518	0.99431568161786205637	0.9971537903542572687
chr1	81400000	82400000	2	0.761836191127154283	1	2.3115139530671698076	1.2428946020223275016	1.1148518296268466463
chr1	81500000	82500000	1	0.9164106149760627984	1	1.8492111624537356518	0.99431568161786205637	0.9971537903542572687
chr1	81600000	82600000	1	0.84454190283170593734	1	1.3869083718403017458	0.74573676121339643676	0.86356051392672907274
chr1	81700000	82700000	1	0.46230279061343393376	1	0.46230279061343393376	0.2485789204044655139	0.49857689517712863416
chr1	81800000	82800000	1	0.46230279061343393376	1	0.46230279061343393376	0.2485789204044655139	0.49857689517712863416
chr1	81900000	82900000	1	0.46230279061343393376	1	0.46230279061343393376	0.2485789204044655139	0.49857689517712863416
chr1	82000000	83000000	1	0.46230279061343393376	1	0.46230279061343393376	0.2485789204044655139	0.49857689517712863416
chr1	82100000	83100000	1	0.46230279061343393376	1	0.46230279061343393376	0.2485789204044655139	0.49857689517712863416
chr1	82200000	83200000	1	0.46230279061343393376	1	0.46230279061343393376	0.2485789204044655139	0.49857689517712863416
chr1	82300000	83300000	1	0.7108817110178994314	1	0.924605581226867812	0.49715784080893101257	0.70509420704536426687
chr1	82400000	83400000	0	1.0000000000000004441	1	0.46230279061343393376	0.2485789204044655139	0.49857689517712863416
chr1	82500000	83500000	0	1.0000000000000004441	1	0.46230279061343393376	0.2485789204044655139	0.49857689517712863416
chr1	82600000	83600000	0	1.0000000000000004441	1	0.46230279061343393376	0.2485789204044655139	0.49857689517712863416
chr1	82700000	83700000	0	1.0000000000000004441	1	0.46230279061343393376	0.2485789204044655139	0.49857689517712863416
chr1	82800000	83800000	0	1.0000000000000004441	1	0.46230279061343393376	0.2485789204044655139	0.49857689517712863416
chr1	82900000	83900000	0	1.0000000000000004441	1	0.46230279061343393376	0.2485789204044655139	0.49857689517712863416
chr1	83000000	84000000	0	1.0000000000000004441	1	0.46230279061343393376	0.2485789204044655139	0.49857689517712863416
chr1	83100000	84100000	0	1.0000000000000004441	1	0.46230279061343393376	0.2485789204044655139	0.49857689517712863416
chr1	83200000	84200000	0	1.0000000000000004441	1	0.46230279061343393376	0.24857892040446546646	0.4985768951771285866
chr1	83300000	84300000	0	1.0000000000000004441	1	0	0	0
chr1	83400000	84400000	0	1.0000000000000004441	1	0	0	0
chr1	83500000	84500000	0	1.0000000000000004441	1	0	0	0
chr1	83600000	84600000	0	1.0000000000000004441	1	0	0	0
chr1	83700000	84700000	0	1.0000000000000004441	1	0	0	0
chr1	83800000	84800000	0	1.0000000000000004441	1	0	0	0
chr1	83900000	84900000	0	1.0000000000000004441	1	0	0	0
chr1	84000000	85000000	1	0.46230279061343393376	1	0.46230279061343393376	0.2485789204044655139	0.49857689517712863416
chr1	84100000	85100000	2	0.21372387020896838061	1	0.9246055812268676455	0.49715784080893090063	0.7050942070453641875
chr1	84200000	85200000	2	0.21372387020896838061	1	0.924605581226867701	0.49715784080893090093	0.7050942070453641877
chr1	84300000	85300000	2	0.21372387020896838061	1	0.924605581226867701	0.49715784080893090093	0.7050942070453641877
chr1	84400000	85400000	2	0.21372387020896838061	1	0.924605581226867701	0.49715784080893090093	0.7050942070453641877
chr1	84500000	85500000	2	0.21372387020896838061	1	0.924605581226867701	0.49715784080893090093	0.7050942070453641877
chr1	84600000	85600000	2	0.21372387020896838061	1	0.924605581226867701	0.49715784080893090093	0.7050942070453641877
chr1	84700000	85700000	2	0.21372387020896838061	1	0.924605581226867701	0.49715784080893090093	0.7050942070453641877
chr1	84800000	85800000	2	0.21372387020896838061	1	0.924605581226867701	0.49715784080893090093	0.7050942070453641877
chr1	84900000	85900000	2	0.21372387020896838061	1	0.924605581226867701	0.49715784080893090093	0.7050942070453641877
chr1	85000000	86000000	1	0.46230279061343382274	1	0.46230279061343382274	0.2485789204044654581	0.4985768951771285782
chr1	85100000	86100000	0	1.0000000000000004441	1	0	0	0
chr1	85200000	86200000	0	1.0000000000000004441	1	0	0	0
chr1	85300000	86300000	1	0.46230279061343393376	1	0.46230279061343393376	0.2485789204044655139	0.49857689517712863416
chr1	85400000	86400000	1	0.46230279061343393376	1	0.46230279061343393376	0.2485789204044655139	0.49857689517712863416
chr1	85500000	86500000	2	0.44356132739028641954	1	1.3869083718403017458	0.74573676121339643676	0.86356051392672907274
chr1	85600000	86600000	2	0.44356132739028647505	1	1.3869083718403017458	0.74573676121339643676	0.86356051392672907274
chr1	85700000	86700000	2	0.44356132739028647505	1	1.3869083718403017458	0.74573676121339643676	0.86356051392672907274
chr1	85800000	86800000	2	0.44356132739028647505	1	1.3869083718403017458	0.74573676121339643676	0.86356051392672907274
chr1	85900000	86900000	3	0.25818688838193776247	1	1.8492111624537356518	0.994315681617861914	0.9971537903542571973
chr1	86000000	87000000	3	0.25818688838193776247	1	1.8492111624537356518	0.994315681617861914	0.9971537903542571973
chr1	86100000	87100000	3	0.25818688838193776247	1	1.8492111624537356518	0.994315681617861914	0.9971537903542571973
chr1	86200000	87200000	3	0.25818688838193776247	1	1.8492111624537356518	0.994315681617861914	0.9971537903542571973
chr1	86300000	87300000	2	0.44356132739028641954	1	1.3869083718403017458	0.74573676121339643676	0.86356051392672907274
chr1	86400000	87400000	2	0.44356132739028641954	1	1.3869083718403017458	0.74573676121339643676	0.86356051392672907274
chr1	86500000	87500000	1	0.46230279061343393376	1	0.46230279061343393376	0.2485789204044655139	0.49857689517712863416
chr1	86600000	87600000	1	0.46230279061343393376	1	0.46230279061343393376	0.2485789204044655139	0.49857689517712863416
chr1	86700000	87700000	1	0.46230279061343393376	1	0.46230279061343393376	0.2485789204044655139	0.49857689517712863416
chr1	86800000	87800000	1	0.46230279061343393376	1	0.46230279061343393376	0.2485789204044655139	0.49857689517712863416
chr1	86900000	87900000	0	1.0000000000000004441	1	0	0	0
chr1	87000000	88000000	1	0.46230279061343393376	1	0.46230279061343393376	0.2485789204044655139	0.49857689517712863416
chr1	87100000	88100000	1	0.46230279061343393376	1	0.46230279061343393376	0.2485789204044655139	0.49857689517712863416
chr1	87200000	88200000	1	0.46230279061343393376	1	0.46230279061343393376	0.2485789204044655139	0.49857689517712863416
chr1	87300000	88300000	1	0.46230279061343393376	1	0.46230279061343393376	0.2485789204044655139	0.49857689517712863416
chr1	87400000	88400000	1	0.46230279061343393376	1	0.46230279061343393376	0.2485789204044655139	0.49857689517712863416
chr1	87500000	88500000	1	0.46230279061343393376	1	0.46230279061343393376	0.2485789204044655139	0.49857689517712863416
chr1	87600000	88600000	1	0.46230279061343393376	1	0.46230279061343393376	0.2485789204044655139	0.49857689517712863416
chr1	87700000	88700000	1	0.7108817110178994314	1	0.92460558122686786753	0.4971578408089310129	0.70509420704536426714
chr1	87800000	88800000	1	0.7108817110178994314	1	0.92460558122686786753	0.4971578408089310129	0.70509420704536426714
chr1	87900000	88900000	1	0.7108817110178994314	1	0.92460558122686786753	0.4971578408089310129	0.70509420704536426714
chr1	88000000	89000000	0	1.0000000000000004441	1	0.92460558122686786753	0.4971578408089310129	0.70509420704536426714
chr1	88100000	89100000	0	1.0000000000000004441	1	0.92460558122686786753	0.4971578408089310129	0.70509420704536426714
chr1	88200000	89200000	0	1.0000000000000004441	1	0.92460558122686786753	0.4971578408089310129	0.70509420704536426714
chr1	88300000	89300000	0	1.0000000000000004441	1	0.92460558122686786753	0.4971578408089310129	0.70509420704536426714
chr1	88400000	89400000	0	1.0000000000000004441	1	1.3869083718403018568	0.7457367612133964577	0.86356051392672908483
chr1	88500000	89500000	0	1.0000000000000004441	1	1.3869083718403017458	0.74573676121339643676	0.86356051392672907274
chr1	88600000	89600000	0	1.0000000000000004441	1	1.8492111624537356518	0.994315681617861914	0.9971537903542571973
chr1	88700000	89700000	0	1.0000000000000004441	1	1.3869083718403017458	0.74573676121339643676	0.86356051392672907274
chr1	88800000	89800000	0	1.0000000000000004441	1	1.3869083718403017458	0.74573676121339643676	0.86356051392672907274
chr1	88900000	89900000	0	1.0000000000000004441	1	1.3869083718403017458	0.74573676121339643676	0.86356051392672907274
chr1	89000000	90000000	0	1.0000000000000004441	1	0.92460558122686786753	0.49715784080893096546	0.7050942070453642335
chr1	89100000	90100000	0	1.0000000000000004441	1	0.92460558122686786753	0.49715784080893096546	0.7050942070453642335
chr1	89200000	90200000	0	1.0000000000000004441	1	0.92460558122686786753	0.49715784080893096546	0.7050942070453642335
chr1	89300000	90300000	0	1.000000000000000222	1	1.3869083718403016903	0.7457367612133963751	0.863560513926729037
chr1	89400000	90400000	0	1.0000000000000004441	1	0.92460558122686786753	0.49715784080893096546	0.7050942070453642335
chr1	89500000	90500000	0	1.0000000000000004441	1	0.92460558122686786753	0.49715784080893096546	0.7050942070453642335
chr1	89600000	90600000	0	1.0000000000000004441	1	0.46230279061343393376	0.24857892040446549019	0.4985768951771286104
chr1	89700000	90700000	0	1.0000000000000004441	1	0.46230279061343393376	0.24857892040446549019	0.4985768951771286104
chr1	89800000	90800000	0	1.0000000000000004441	1	0.46230279061343393376	0.24857892040446549019	0.4985768951771286104
chr1	89900000	90900000	0	1.0000000000000004441	1	0.92460558122686786753	0.49715784080893096546	0.7050942070453642335
chr1	90000000	91000000	0	1.0000000000000004441	1	0.92460558122686786753	0.49715784080893096546	0.7050942070453642335
chr1	90100000	91100000	0	1.0000000000000004441	1	0.92460558122686786753	0.49715784080893096546	0.7050942070453642335
chr1	90200000	91200000	0	1.0000000000000004441	1	0.924605581226867812	0.4971578408089309651	0.7050942070453642332
chr1	90300000	91300000	0	1.0000000000000006661	1	0.46230279061343393376	0.2485789204044655139	0.49857689517712863416
chr1	90400000	91400000	0	1.0000000000000006661	1	0.46230279061343393376	0.2485789204044655139	0.49857689517712863416
chr1	90500000	91500000	1	0.7108817110178994314	1	0.92460558122686786753	0.4971578408089310129	0.70509420704536426714
chr1	90600000	91600000	1	0.7108817110178994314	1	0.92460558122686786753	0.4971578408089310129	0.70509420704536426714
chr1	90700000	91700000	1	0.7108817110178994314	1	0.92460558122686786753	0.4971578408089310129	0.70509420704536426714
chr1	90800000	91800000	1	0.7108817110178994314	1	0.92460558122686786753	0.4971578408089310129	0.70509420704536426714
chr1	90900000	91900000	1	0.46230279061343393376	1	0.46230279061343393376	0.2485789204044655139	0.49857689517712863416
chr1	91000000	92000000	1	0.46230279061343393376	1	0.46230279061343393376	0.2485789204044655139	0.49857689517712863416
chr1	91100000	92100000	1	0.46230279061343393376	1	0.46230279061343393376	0.2485789204044655139	0.49857689517712863416
chr1	91200000	92200000	1	0.7108817110178994314	1	0.92460558122686786753	0.4971578408089310129	0.70509420704536426714
chr1	91300000	92300000	2	0.44356132739028641954	1	1.3869083718403017458	0.7457367612133964902	0.8635605139267291037
chr1	91400000	92400000	4	0.14392139443265861143	1	2.3115139530671693635	1.2428946020223274491	1.1148518296268466227
chr1	91500000	92500000	3	0.25818688838193776247	1	1.8492111624537356518	0.99431568161786205637	0.9971537903542572687
chr1	91600000	92600000	3	0.25818688838193776247	1	1.8492111624537356518	0.99431568161786205637	0.9971537903542572687
chr1	91700000	92700000	3	0.25818688838193776247	1	1.8492111624537356518	0.99431568161786205637	0.9971537903542572687
chr1	91800000	92800000	3	0.25818688838193776247	1	1.8492111624537356518	0.99431568161786205637	0.9971537903542572687
chr1	91900000	92900000	3	0.25818688838193776247	1	1.8492111624537356518	0.99431568161786205637	0.9971537903542572687
chr1	92000000	93000000	3	0.25818688838193776247	1	1.8492111624537356518	0.99431568161786205637	0.9971537903542572687
chr1	92100000	93100000	3	0.42958512930585646128	1	2.3115139530671693635	1.2428946020223274491	1.1148518296268466227
chr1	92200000	93200000	3	0.25818688838193776247	1	1.8492111624537356518	0.99431568161786205637	0.9971537903542572687
chr1	92300000	93300000	2	0.44356132739028647505	1	1.3869083718403017458	0.74573676121339643676	0.86356051392672907274
chr1	92400000	93400000	0	1.0000000000000006661	1	0.46230279061343393376	0.2485789204044655139	0.49857689517712863416
chr1	92500000	93500000	0	1.0000000000000006661	1	0.46230279061343393376	0.2485789204044655139	0.49857689517712863416
chr1	92600000	93600000	0	1.0000000000000004441	1	0.92460558122686786753	0.4971578408089310129	0.70509420704536426714
chr1	92700000	93700000	1	0.84454190283170593734	1	1.3869083718403017458	0.7457367612133964902	0.8635605139267291037
chr1	92800000	93800000	1	0.84454190283170593734	1	1.3869083718403017458	0.7457367612133964902	0.8635605139267291037
chr1	92900000	93900000	1	0.84454190283170593734	1	1.3869083718403017458	0.7457367612133964902	0.8635605139267291037
chr1	93000000	94000000	2	0.6289357663986351321	1	1.8492111624537356518	0.99431568161786205637	0.9971537903542572687
chr1	93100000	94100000	2	0.44356132739028641954	1	1.3869083718403017458	0.7457367612133964902	0.8635605139267291037
chr1	93200000	94200000	2	0.44356132739028641954	1	1.3869083718403017458	0.7457367612133964902	0.8635605139267291037
chr1	93300000	94300000	2	0.44356132739028641954	1	1.3869083718403017458	0.7457367612133964902	0.8635605139267291037
chr1	93400000	94400000	2	0.44356132739028641954	1	1.3869083718403017458	0.7457367612133964902	0.8635605139267291037
chr1	93500000	94500000	3	0.25818688838193776247	1	1.8492111624537355408	0.9943156816178620552	0.9971537903542572681
chr1	93600000	94600000	3	0.098805141618309402785	1	1.3869083718403017458	0.7457367612133964902	0.8635605139267291037
chr1	93700000	94700000	2	0.21372387020896843612	1	0.924605581226867812	0.49715784080893101257	0.70509420704536426687
chr1	93800000	94800000	2	0.44356132739028647505	1	1.3869083718403017458	0.7457367612133964902	0.8635605139267291037
chr1	93900000	94900000	2	0.44356132739028647505	1	1.3869083718403017458	0.7457367612133964902	0.8635605139267291037
chr1	94000000	95000000	1	0.7108817110178994314	1	0.924605581226867812	0.49715784080893101257	0.70509420704536426687
chr1	94100000	95100000	2	0.44356132739028647505	1	1.3869083718403017458	0.7457367612133964902	0.8635605139267291037
chr1	94200000	95200000	2	0.6289357663986351321	1	1.8492111624537354853	0.9943156816178620151	0.99715379035425724804
chr1	94300000	95300000	2	0.6289357663986351321	1	1.8492111624537354853	0.9943156816178620151	0.99715379035425724804
chr1	94400000	95400000	2	0.6289357663986351321	1	1.8492111624537354853	0.99431568161786187276	0.99715379035425717665
chr1	94500000	95500000	1	0.84454190283170593734	1	1.3869083718403017458	0.7457367612133964902	0.8635605139267291037
chr1	94600000	95600000	1	0.84454190283170593734	1	1.3869083718403017458	0.7457367612133964902	0.8635605139267291037
chr1	94700000	95700000	1	0.84454190283170593734	1	1.3869083718403017458	0.7457367612133964902	0.8635605139267291037
chr1	94800000	95800000	1	0.7108817110178994314	1	0.92460558122686786753	0.4971578408089310129	0.70509420704536426714
chr1	94900000	95900000	2	0.44356132739028641954	1	1.3869083718403017458	0.7457367612133964902	0.8635605139267291037
chr1	95000000	96000000	2	0.44356132739028641954	1	1.3869083718403017458	0.7457367612133964902	0.8635605139267291037
chr1	95100000	96100000	1	0.7108817110178994314	1	0.92460558122686786753	0.4971578408089310129	0.70509420704536426714
chr1	95200000	96200000	1	0.46230279061343393376	1	0.46230279061343393376	0.2485789204044655139	0.49857689517712863416
chr1	95300000	96300000	1	0.46230279061343393376	1	0.46230279061343393376	0.2485789204044655139	0.49857689517712863416
chr1	95400000	96400000	1	0.46230279061343393376	1	0.46230279061343393376	0.2485789204044655139	0.49857689517712863416
chr1	95500000	96500000	1	0.46230279061343393376	1	0.46230279061343393376	0.2485789204044655139	0.49857689517712863416
chr1	95600000	96600000	1	0.7108817110178994314	1	0.92460558122686786753	0.4971578408089310129	0.70509420704536426714
chr1	95700000	96700000	1	0.7108817110178994314	1	0.92460558122686786753	0.4971578408089310129	0.70509420704536426714
chr1	95800000	96800000	1	0.7108817110178994314	1	0.92460558122686786753	0.4971578408089310129	0.70509420704536426714
chr1	95900000	96900000	0	1.0000000000000006661	1	0.46230279061343393376	0.2485789204044655139	0.49857689517712863416
chr1	96000000	97000000	0	1.0000000000000004441	1	0.92460558122686786753	0.4971578408089310129	0.70509420704536426714
chr1	96100000	97100000	0	1.0000000000000004441	1	0.92460558122686786753	0.4971578408089310129	0.70509420704536426714
chr1	96200000	97200000	0	1.0000000000000004441	1	0.92460558122686786753	0.4971578408089310129	0.70509420704536426714
chr1	96300000	97300000	1	0.84454190283170604836	1	1.3869083718403017458	0.7457367612133964902	0.8635605139267291037
chr1	96400000	97400000	1	0.84454190283170604836	1	1.3869083718403017458	0.7457367612133964902	0.8635605139267291037
chr1	96500000	97500000	1	0.84454190283170593734	1	1.3869083718403016903	0.74573676121339648186	0.8635605139267290988
chr1	96600000	97600000	1	0.7108817110178994314	1	0.92460558122686786753	0.4971578408089310129	0.70509420704536426714
chr1	96700000	97700000	1	0.7108817110178994314	1	0.92460558122686786753	0.4971578408089310129	0.70509420704536426714
chr1	96800000	97800000	1	0.7108817110178994314	1	0.92460558122686786753	0.4971578408089310129	0.70509420704536426714
chr1	96900000	97900000	1	0.84454190283170593734	1	1.3869083718403017458	0.7457367612133964902	0.8635605139267291037
chr1	97000000	98000000	1	0.7108817110178994314	1	0.92460558122686786753	0.4971578408089310129	0.70509420704536426714
chr1	97100000	98100000	1	0.7108817110178994314	1	0.92460558122686786753	0.4971578408089310129	0.70509420704536426714
chr1	97200000	98200000	1	0.84454190283170593734	1	1.3869083718403017458	0.7457367612133964902	0.8635605139267291037
chr1	97300000	98300000	0	1.0000000000000004441	1	0.92460558122686786753	0.4971578408089310129	0.70509420704536426714
chr1	97400000	98400000	0	1.0000000000000004441	1	0.92460558122686786753	0.4971578408089310129	0.70509420704536426714
chr1	97500000	98500000	0	1.0000000000000004441	1	1.3869083718403017458	0.7457367612133964902	0.8635605139267291037
chr1	97600000	98600000	0	1.0000000000000004441	1	1.3869083718403017458	0.7457367612133964902	0.8635605139267291037
chr1	97700000	98700000	0	1.0000000000000004441	1	1.3869083718403017458	0.7457367612133964902	0.8635605139267291037
chr1	97800000	98800000	0	1.0000000000000004441	1	1.3869083718403018013	0.74573676121339644934	0.86356051392672908
chr1	97900000	98900000	0	1.0000000000000004441	1	0.92460558122686786753	0.4971578408089310129	0.70509420704536426714
chr1	98000000	99000000	0	1.0000000000000004441	1	0.92460558122686786753	0.4971578408089310129	0.70509420704536426714
chr1	98100000	99100000	0	1.0000000000000004441	1	0.92460558122686786753	0.4971578408089310129	0.70509420704536426714
chr1	98200000	99200000	0	1.0000000000000006661	1	0.46230279061343393376	0.2485789204044655139	0.49857689517712863416
chr1	98300000	99300000	0	1.0000000000000006661	1	0.46230279061343393376	0.2485789204044655139	0.49857689517712863416
chr1	98400000	99400000	0	1.0000000000000006661	1	0.46230279061343393376	0.2485789204044655139	0.49857689517712863416
chr1	98500000	99500000	0	1.0000000000000004441	1	0	0	0
chr1	98600000	99600000	0	1.0000000000000004441	1	0	0	0
chr1	98700000	99700000	1	0.46230279061343393376	1	0.46230279061343393376	0.2485789204044655139	0.49857689517712863416
chr1	98800000	99800000	1	0.46230279061343393376	1	0.46230279061343393376	0.2485789204044655139	0.49857689517712863416
chr1	98900000	99900000	1	0.46230279061343393376	1	0.46230279061343393376	0.2485789204044655139	0.49857689517712863416
chr1	99000000	100000000	1	0.46230279061343393376	1	0.46230279061343393376	0.2485789204044655139	0.49857689517712863416
chr1	99100000	100000000	1	0.46230279061343393376	1	0.46230279061343393376	0.2485789204044655139	0.49857689517712863416
chr1	99200000	100000000	1	0.46230279061343387825	1	0.46230279061343387825	0.24857892040446547414	0.4985768951771285943
chr1	99300000	100000000	1	0.46230279061343387825	1	0.46230279061343387825	0.24857892040446547414	0.4985768951771285943
chr1	99400000	100000000	1	0.46230279061343382274	1	0.46230279061343382274	0.24857892040446543436	0.4985768951771285544
chr1	99500000	100000000	1	0.46230279061343382274	1	0.46230279061343382274	0.24857892040446543436	0.4985768951771285544
chr1	99600000	100000000	1	0.46230279061343376723	1	0.46230279061343376723	0.2485789204044654183	0.4985768951771285383
chr1	99700000	100000000	0	1.000000000000000222	1	0	0	0
chr1	99800000	100000000	0	1	1	0	0	0
chr1	99900000	100000000	0	1	1	0	0	0
