chr_name	begin	end	overlap_count	p-value	p-value_adjusted	mean	variance	standard_deviation	z-score
chr1	0	1000000	12	0.28419627566717575728	1	10.170661393495488586	5.47210086019334227	2.3392522010662600358
chr1	200000	1200000	11	0.6622570859491666573	1	11.557569765335780808	6.217837621407067656	2.4935592275715184336
chr1	400000	1400000	14	0.6736465521355966546	1	14.793689299629799938	8.087839769996969341	2.843912757100148693
chr1	600000	1600000	12	0.84397892011372011023	1	14.331386509016368956	7.8392608222298658456	2.799868000858230789
chr1	800000	1800000	12	0.8770497863608792688	1	14.7936892996298003265	8.087840237214598411	2.8439128392436007304
chr1	1000000	2000000	10	0.90299606183429981243	1	12.94447813717607525	7.093524555596742239	2.6633671462261342235
chr1	1200000	2200000	11	0.6604959367559704031	1	11.5575697653357814	6.347787794383017286	2.5194816519242638226
chr1	1400000	2400000	7	0.8535135435561417294	1	8.783753021655194413	4.722999984847522132	2.1732464160438691799
chr1	1600000	2600000	9	0.8121072732292762275	1	10.632964184108918889	5.7698030295601502758	2.4020414296094374975
chr1	1800000	2800000	8	0.7807800602306530502	1	9.246055812268626748	5.024065773766489958	2.2414427884214421674
chr1	2000000	3000000	9	0.88983688886852430056	1	11.55756976533578093	6.2669603757921753103	2.5033897770407578522
chr1	2200000	3200000	8	0.9302389178704701944	1	11.095266974722350401	6.0183814553877116554	2.45323897233590182
chr1	2400000	3400000	11	0.51982232617217560833	1	10.632964184108919233	5.7698025324008979913	2.4020413261226164824
chr1	2600000	3600000	9	0.76118496510657962517	1	10.1706613934954874096	5.4692650400635892047	2.3386459843387132896
chr1	2800000	3800000	10	0.6801682346742142782	1	10.632964184108919087	5.7178440609103112343	2.3912013844321668163
chr1	3000000	4000000	9	0.6285800879587342127	1	9.246055812268625475	4.972107299726359618	2.2298222574291341077
chr1	3200000	4200000	11	0.42346584660607761164	1	10.061567193461427143	5.449138596207194682	2.3343390062729095138
chr1	3400000	4400000	8	0.8731827637897303651	1	10.165255635482795864	5.4768633825842547346	2.3402699379738771354
chr1	3600000	4600000	7	0.743685690831754842	1	7.8591474404283303908	4.2338766751614617233	2.057638616269013776
chr1	3800000	4800000	6	0.8285593095089044402	1	7.3968446498148998558	3.9852977547620988472	1.9963210550315044071
chr1	4000000	5000000	8	0.72050756399817939	1	8.783753021655194139	4.7310378621843816125	2.1750949087762542075
chr1	4200000	5200000	7	0.79303448244721486127	1	8.235233876059072382	4.4685253559846918655	2.1138886810768186394
chr1	4400000	5400000	8	0.68865841127117766174	1	8.578419981018513843	4.6653602111061076223	2.1599444925983879602
chr1	4600000	5600000	8	0.72069267272490800114	1	8.783753021655193814	4.7230028339359497384	2.1732470715351141911
chr1	4800000	5800000	8	0.64856824297239346055	1	8.321450231041762235	4.4744239135263846403	2.1152834121049558878
chr1	5000000	6000000	7	0.67089766007473439213	1	7.396844649814900367	3.977262726475759618	1.9943075807095954621
chr1	5200000	6200000	8	0.7820961726435238237	1	9.246055812268625591	4.97157869039111073	2.2297037225584727292
chr1	5400000	6400000	8	0.8576945750213563757	1	9.988256526722970565	5.4217127003466079383	2.3284571502062493267
chr1	5600000	6600000	9	0.69955504176180705045	1	9.708358602882056222	5.2201576242761485456	2.2847664266344926633
chr1	5800000	6800000	12	0.50713461700282358446	1	11.557569765335781374	6.2145172108547086973	2.4928933412512274384
chr1	6000000	7000000	12	0.43242486165266008635	1	11.095266974722350096	5.9659382904502452952	2.4425270296253110852
chr1	6200000	7200000	10	0.5339641570274517024	1	9.708358602882056647	5.2202012469393576513	2.2847759730309135171
chr1	6400000	7400000	10	0.36642334503327350648	1	8.7610547718209368425	4.795513841537557404	2.1898661697778605128
chr1	6600000	7600000	10	0.45291689606100871135	1	9.246055812268625001	5.0463192946667101376	2.2464014099592063197
chr1	6800000	7800000	7	0.58499429429147442594	1	6.9345418592014685427	3.8033807876836856596	1.950225829919111101
chr1	7000000	8000000	10	0.37269930241066695498	1	8.783753021655193815	4.975129587771045596	2.2304998515514511451
chr1	7200000	8200000	14	0.120688876121602908786	1	10.632964184108919326	5.969445269388912642	2.443244823874372325
chr1	7400000	8400000	14	0.11914266541515022846	1	10.632964184108918651	5.894748288597928753	2.4279102719412694047
chr1	7600000	8600000	16	0.02220100274361046927	1	10.632964184108918928	5.8947507823330262526	2.427910785497075519
chr1	7800000	8800000	16	0.02220100274361046927	1	10.632964184108918928	5.8947507823330262526	2.427910785497075519
chr1	8000000	9000000	12	0.15608706743843131504	1	9.246055812268625248	4.971580902650130167	2.229704218646529396
chr1	8200000	9200000	9	0.3760341001567110708	1	7.859147440428331437	4.2258441414372126515	2.055685808054628919
chr1	8400000	9400000	9	0.4641315831675449366	1	8.321450231041763114	4.474423061843888863	2.1152832107885432898
chr1	8600000	9600000	7	0.8045795755364840707	1	8.321450231041763185	4.474420567283062193	2.1152826211367270137
chr1	8800000	9800000	9	0.81328061935253714854	1	10.632964184108919537	5.717315169305386848	2.39109079068641533
chr1	9000000	10000000	10	0.5339643482840285005	1	9.708358602882057293	5.220157328496458747	2.2847663619058423863
chr1	9200000	10200000	9	0.6285876049513480224	1	9.246055812268624767	4.971578408091509136	2.2297036592541864364
chr1	9400000	10400000	9	0.4641806614025577038	1	8.321450231041763151	4.489876683862832841	2.1189329116002783068
chr1	9600000	10600000	9	0.4641806614108580642	1	8.321450231041762841	4.489876686486888443	2.1189329122194710115
chr1	9800000	10800000	11	0.2864831027352618409	1	9.246055812268625572	4.9870345275073600174	2.233166927819628986
chr1	10000000	11000000	11	0.44217456500569279898	1	10.170661393495488503	5.4842142359693455147	2.341839925351292134
chr1	10200000	11200000	12	0.57876154353863484836	1	12.019872555949213464	6.478529977281180678	2.5452956561627925504
chr1	10400000	11400000	12	0.6457263005781025411	1	12.482175346562644239	6.711652781103169461	2.5906857742889563836
chr1	10600000	11600000	12	0.7063888928210414475	1	12.944478137176074697	6.960315875667464053	2.638241057156730713
chr1	10800000	11800000	8	0.8328880892570673655	1	9.708358602882056222	5.2202634326246681803	2.2847895816955810385
chr1	11000000	12000000	7	0.92147114936435670085	1	9.708358602882055495	5.2219355022480621257	2.2851554656626892452
chr1	11200000	12200000	6	0.9366585775983775619	1	8.783753021655193427	4.7247776017451555003	2.1736553548677296005
chr1	11400000	12400000	4	0.97754783334778849735	1	7.3968446498149000644	3.9790408405317625811	1.9947533282418060879
chr1	11600000	12600000	4	0.97754899996068744805	1	7.396844649814900169	3.9789566637502433674	1.9947322285836370793
chr1	11800000	12800000	4	0.97754899996068744805	1	7.396844649814900169	3.9789566637502433674	1.9947322285836370793
chr1	12000000	13000000	5	0.8977079764364557235	1	6.934541859201469146	3.7286838060693276921	1.9309800118254273872
chr1	12200000	13200000	9	0.6284910344493946921	1	9.2460558122686253785	4.9783731174217833613	2.231226818909674042
chr1	12400000	13400000	11	0.519942349943386839	1	10.632964184108920158	5.7241098786351754567	2.3925112076300030274
chr1	12600000	13600000	14	0.11550809783344506698	1	10.632964184108919196	5.7241098786328085055	2.392511207629508369
chr1	12800000	13800000	13	0.21733435443199156101	1	10.632964184108919196	5.7241098786328085055	2.392511207629508369
chr1	13000000	14000000	13	0.15979403254606813767	1	10.170661393495487186	5.475530958228343243	2.3399852474381848638
chr1	13200000	14200000	10	0.091962533094877479956	1	6.9345418592014692596	3.7286838060669610627	1.930980011824814582
chr1	13400000	14400000	12	0.03783754259742590914	1	7.859147440428331522	4.2258416468758891035	2.0556852013077997307
chr1	13600000	14600000	10	0.14590066821215474935	1	7.3968446498149000284	3.9772627264714248952	1.9943075807085086882
chr1	13800000	14800000	15	0.017558391122084633651	1	9.708358602882055335	5.2201573284950587915	2.284766361905536019
chr1	14000000	15000000	15	0.03178715674302753924	1	10.170661393495488447	5.4687362489172752045	2.3385329266267078166
chr1	14200000	15200000	14	0.11536337470948164474	1	10.632964184108918981	5.717315300156562393	2.3910908180486500278
chr1	14400000	15400000	10	0.4526089040662691909	1	9.246055812268625861	4.971578538943170472	2.2297036885970230803
chr1	14600000	15600000	12	0.57886729162423244954	1	12.019872555949212582	6.463338218772486189	2.5423096229162344475
chr1	14800000	15800000	8	0.97466718516972383757	1	12.482175346562644741	6.7119171427144330767	2.5907367953372710525
chr1	15000000	16000000	8	0.99418786898910471717	1	14.33138650901636866	7.7063153971525048818	2.776025107442745173
chr1	15200000	16200000	11	0.98083778813150235276	1	16.642900462083526282	9.05951969846372554	3.009903602852377985
chr1	15400000	16400000	14	0.8818317090100544764	1	17.105203252696956115	9.308098618868189905	3.0509176683201711573
chr1	15600000	16600000	13	0.7884158623422846679	1	14.793689299629800387	8.1416362889601547655	2.8533552686197621061
chr1	15800000	16800000	13	0.56384251301829935166	1	12.944478137176075825	7.1473206038035020328	2.67344732579557326
chr1	16000000	17000000	12	0.43340704634130172712	1	11.0952669747223507946	6.1561548333457827608	2.4811599773786821989
chr1	16200000	17200000	10	0.45293808930903523002	1	9.246055812268625443	5.0515293216042030573	2.2475607492577821438
chr1	16400000	17400000	9	0.5488682293922942934	1	8.783753021655193946	4.802950401199738987	2.1915634604545995183
chr1	16600000	17600000	10	0.45284307878853913287	1	9.246055812268625861	5.0284528378108514454	2.2424211999111254045
chr1	16800000	17800000	11	0.28731120449481267753	1	9.246055812268625551	5.028648671576964722	2.2424648651822763224
chr1	17000000	18000000	12	0.28511346641227630627	1	10.170661393495487496	5.522574196102919557	2.3500157863518533303
chr1	17200000	18200000	12	0.35780787890265425277	1	10.632964184108919293	5.7711531169911012185	2.4023224423443038755
chr1	17400000	18400000	10	0.67930854112750471696	1	10.632964184108919293	5.7711531169911012185	2.4023224423443038755
chr1	17600000	18600000	8	0.782091263707378026	1	9.246055812268624496	4.971774410054242881	2.2297476112901753438
chr1	17800000	18800000	6	0.96960741426861885017	1	9.708358602882056498	5.2201574966926684814	2.2847663987140279373
chr1	18000000	19000000	6	0.9558647948260047267	1	9.246055812268625024	4.9715784085730731316	2.2297036593621747769
chr1	18200000	19200000	5	0.95146476613851882487	1	7.8591474404283323068	4.225841646875963972	2.0556852013078179408
chr1	18400000	19400000	6	0.87514513367214874506	1	7.8591474404283323068	4.225841646875963972	2.0556852013078179408
chr1	18600000	19600000	4	0.99085058626459376896	1	8.321450231041763247	4.474420567280427836	2.1152826211361043175
chr1	18800000	19800000	4	0.9775724665663535484	1	7.3968446498149000284	3.9772627264714248952	1.9943075807085086882
chr1	19000000	20000000	3	0.99169075708823772874	1	6.9345418592014692596	3.7286838060669610627	1.930980011824814582
chr1	19200000	20200000	2	0.99779856816294532074	1	6.4722390685880380277	3.480104885662496877	1.8655039227143149798
chr1	19400000	20400000	2	0.997798568162941546	1	6.4722390685880377115	3.4801048856638140423	1.8655039227146680118
chr1	19600000	20600000	2	0.98061120718724303913	1	4.6230279061343124173	2.4857892040459582796	1.5766385774951589328
chr1	19800000	20800000	6	0.8284894772381296013	1	7.3968446498149001403	3.9873991025920723277	1.9968472907541208189
chr1	20000000	21000000	5	0.89737541736509207624	1	6.9345418592014690952	3.7388201821876081738	1.9336029018874604942
chr1	20200000	21200000	7	0.91855157903876749614	1	9.7083586028820570086	5.3620069832292422034	2.315600782352010306
chr1	20400000	21400000	9	0.88810317154066931167	1	11.55756976533578176	6.356322664845893221	2.5211748580465205847
chr1	20600000	21600000	10	0.90285653449325786735	1	12.944478137176075611	7.1020594262736766833	2.6649689353299555268
chr1	20800000	21800000	9	0.9160100681482435947	1	12.019872555949213593	6.594765209345418896	2.5680274938842494598
chr1	21000000	22000000	11	0.91553661612555903293	1	14.331386509016369441	7.837659811367949814	2.7995820779837746728
chr1	21200000	22200000	10	0.8757025168217069666	1	12.4821753465626440575	6.7116330514811509906	2.5906819664870389085
chr1	21400000	22400000	8	0.93113963754424922126	1	11.095266974722350152	5.9658962902676459547	2.4425184319197359856
chr1	21600000	22600000	7	0.96018470066509187255	1	10.632964184108919151	5.7173173696488161877	2.391091250799269724
chr1	21800000	22800000	6	0.95586475828866301896	1	9.246055812268625885	4.9715806084354238793	2.2297041526703545787
chr1	22000000	23000000	6	0.7696030052843978453	1	6.934541859201469192	3.7286860064128930774	1.9309805815732309113
chr1	22200000	23200000	6	0.6961748244876575509	1	6.472239068588037457	3.480104885662521867	1.8655039227143216776
chr1	22400000	23400000	8	0.5505757529371591019	1	7.7766645997774719408	4.2155505356480970293	2.0531805901206296543
chr1	22600000	23600000	10	0.36942849231615620953	1	8.783753021655193861	4.725730541288463346	2.1738745458946022965
chr1	22800000	23800000	9	0.37607292034563916117	1	7.8591474404283316207	4.2285727004795350876	2.0563493624575409407
chr1	23000000	24000000	13	0.19771864974543817972	1	10.462937624700832623	5.7538300483498158143	2.3987142489987872281
chr1	23200000	24200000	15	0.08356271031859809073	1	11.095266974722351005	6.0651965491171615664	2.4627619757331729532
chr1	23400000	24400000	15	0.029682275967081523521	1	10.05767347744036086	5.563625189113478911	2.358733810567330404
chr1	23600000	24600000	16	0.0056559116632364124164	1	9.708358602882056013	5.336331196142858997	2.3100500419131311531
chr1	23800000	24800000	17	0.024522523429236831038	1	11.557569765335781688	6.330646877790277182	2.5160776772171158829
chr1	24000000	25000000	13	0.2780573729089868551	1	11.062767235174555553	6.0042757102369632314	2.4503623630469358054
chr1	24200000	25200000	9	0.88923202867744632893	1	11.557569765335781996	6.2982262773589923585	2.5096267207214287944
chr1	24400000	25400000	9	0.854692505210805864	1	11.0952669747223504355	6.0375009946107797906	2.4571326774536982236
chr1	24600000	25600000	10	0.7403521672571229395	1	11.095266974722350573	6.0375010071912446016	2.4571326800136871326
chr1	24800000	25800000	10	0.7403521672576749424	1	11.095266974722350014	6.0375010071616822195	2.4571326800076715067
chr1	25000000	26000000	12	0.43279823749687984513	1	11.095266974722350154	6.037509550060892925	2.45713441839491006
chr1	25200000	26200000	12	0.06651385948579338625	1	8.3214502310417622	4.4818852222722501757	2.1170463439122560161
chr1	25400000	26400000	12	0.06634300977123144816	1	8.321450231041763039	4.4744291241668437517	2.1152846437694487625
chr1	25600000	26600000	12	0.15608722201773289617	1	9.246055812268625065	4.97158695423006148	2.2297055756825970407
chr1	25800000	26800000	11	0.05959986346554566744	1	7.3968446498149005583	3.977271272612205115	1.9943097233409371098
chr1	26000000	27000000	12	0.019126889970511092715	1	7.3968446498149005314	3.977265368148181247	1.9943082430126445343
chr1	26200000	27200000	13	0.0433520530433570625	1	8.783753021655194701	4.72300212936157355	2.1732469094333422173
chr1	26400000	27400000	10	0.3693920393885951614	1	8.783753021655194021	4.7230021319056878274	2.1732469100186678575
chr1	26600000	27600000	8	0.87166342203237756614	1	10.170661393495487314	5.564237043694067449	2.358863506796030674
chr1	26800000	27800000	9	0.88900082962470783343	1	11.5575697653357819935	6.3099738053725203555	2.5119661234524084154
chr1	27000000	28000000	7	0.942113072592358769	1	10.170661393495487758	5.564234405712855087	2.3588629476323661749
chr1	27200000	28200000	8	0.9477863522054074119	1	11.557569765335781689	6.378594950456204335	2.5255880405276321182
chr1	27400000	28400000	11	0.72078801163810335417	1	12.019872555949213051	6.627335880467379575	2.5743612567911636389
chr1	27600000	28600000	10	0.3703109213613237638	1	8.783753021655193167	4.791785285226389266	2.1890146836479624825
chr1	27800000	28800000	11	0.28754949614978508876	1	9.246055812268624401	5.04055744170388903	2.2451185807667017368
chr1	28000000	29000000	13	0.1614544466605127293	1	10.170661393495488308	5.547558042838574895	2.3553254643124323202
chr1	28200000	29200000	13	0.043531249355371302856	1	8.7837530216551940425	4.7331974980952248758	2.175591298496853447
chr1	28400000	29400000	11	0.21488329150185273009	1	8.783753021655194257	4.7330354901674727397	2.1755540650986986537
chr1	28600000	29600000	13	0.21740183751945957313	1	10.632964184108919333	5.7273511717854808448	2.3931884948297492692
chr1	28800000	29800000	12	0.21645295936493152977	1	9.708358602882056567	5.2300000945717457176	2.2869193458825227486
chr1	29000000	30000000	9	0.6285876048696541485	1	9.246055812268625292	4.971578413839460902	2.2297036605431361453
chr1	29200000	30200000	8	0.7814808948962433943	1	9.246055812268625941	4.9961098606037978565	2.235197946626606459
chr1	29400000	30400000	10	0.45270999402776207488	1	9.246055812268624936	4.996109854987143111	2.2351979453701954204
chr1	29600000	30600000	10	0.21290078009501803291	1	7.859147440428331459	4.2503730937735954305	2.0616432993545695878
chr1	29800000	30800000	8	0.4769637152945469527	1	7.3968446498148997313	4.0017941732358449634	2.0004484930224634412
chr1	30000000	31000000	9	0.37638355816443119783	1	7.8591474404283313457	4.2504078012185039386	2.0616517167597692805
chr1	30200000	31200000	8	0.5665960882786535979	1	7.859147440428330978	4.2258763544541674464	2.0556936431419365185
chr1	30400000	31400000	6	0.69617379459011752285	1	6.4722390685880374873	3.480139593240775668	1.8655132251583679588
chr1	30600000	31600000	6	0.8288251772809402951	1	7.396844649814900411	3.9772974340497041193	1.994316282350847207
chr1	30800000	31800000	7	0.94308100408984352203	1	10.170661393495487269	5.507549161269166277	2.3468168145957123845
chr1	31000000	32000000	8	0.87296733339585907974	1	10.170661393495487246	5.5075144726828179228	2.3468094240229260513
chr1	31200000	32200000	10	0.6795523075788523215	1	10.632964184108918322	5.756093409120046042	2.3991859888553963547
chr1	31400000	32400000	10	0.7938705514166368715	1	11.557569765335781885	6.2532512499289743587	2.500650165442774276
chr1	31600000	32600000	8	0.90538135249513140845	1	10.632964184108918309	5.7560934091200459187	2.3991859888553963291
chr1	31800000	32800000	8	0.7206927490081027621	1	8.783753021655193874	4.722999522709511293	2.1732463097195198719
chr1	32000000	33000000	6	0.8288263301552447615	1	7.396844649814900816	3.9772627425041893658	1.9943075847281405167
chr1	32200000	33200000	5	0.9288120859832881271	1	7.3968446498148997417	3.9849821940369181124	1.9962420179018670562
chr1	32400000	33400000	5	0.9513047073244890184	1	7.8591474404283313622	4.2335611144413842696	2.0575619345335353161
chr1	32600000	33600000	5	0.95130431888341315805	1	7.8591474404283313644	4.2335798446051296443	2.057566486071623797
chr1	32800000	33800000	5	0.9287973128653872479	1	7.396844649814900042	3.9855368213924026195	1.9963809309328724951
chr1	33000000	34000000	8	0.8324931197383560466	1	9.708358602882056037	5.236192226750805383	2.288272760566538183
chr1	33200000	34200000	8	0.9059973085149755079	1	10.632964184108919213	5.7257034409934745483	2.3928442157803492386
chr1	33400000	34400000	12	0.5071238533872093335	1	11.55756976533578203	6.222861294654498206	2.4945663540291924266
chr1	33600000	34600000	14	0.48430914124815388488	1	13.406780927789506357	7.2213129991770521215	2.6872500812497991478
chr1	33800000	34800000	16	0.27471295097540837649	1	13.8690837184029389095	7.4693560224006406724	2.7330122616630611583
chr1	34000000	35000000	16	0.16654130405594433362	1	12.944478137176075186	6.9710846905932508316	2.6402811764267174034
chr1	34200000	35200000	19	0.02897810569995155211	1	13.406780927789506664	7.229876289799484075	2.688842927692036844
chr1	34400000	35400000	14	0.21806863440422760703	1	11.557569765335781673	6.235560595329530135	2.4971104491651005333
chr1	34600000	35600000	13	0.07256100940000535793	1	9.2460558122686258755	4.9885112402387662327	2.2334975353106540272
chr1	34800000	35800000	11	0.15207890995436804116	1	8.321450231041763366	4.4913533994189777346	2.1192813403177450085
chr1	35000000	36000000	10	0.21248907570266839517	1	7.8591474404283309945	4.236127166677039334	2.0581854062928925874
chr1	35200000	36200000	7	0.39069467707656635458	1	6.0099362779746066028	3.2315259652582409144	1.7976445603228244726
chr1	35400000	36400000	8	0.29005561557660597405	1	6.4722390685880379756	3.4801112541560538466	1.8655056296232541379
chr1	35600000	36600000	7	0.6708975135586722205	1	7.396844649814899953	3.9772690954400883802	1.9943091774948257456
chr1	35800000	36800000	7	0.66131027452820734247	1	7.3446181840263438513	3.970603907678621764	1.9926374250421529619
chr1	36000000	37000000	5	0.79828054031356165954	1	6.009936277974606465	3.2315323342265491874	1.7976463317979288185
chr1	36200000	37200000	7	0.80443550201731339744	1	8.321450231041762237	4.479411243196020747	2.116461963559945659
chr1	36400000	37400000	10	0.53394264259936119466	1	9.708358602882056445	5.2251416363622215167	2.2858568713640452946
chr1	36600000	37600000	10	0.4526294431940660612	1	9.246055812268625377	4.976562720872428471	2.230821086701582277
chr1	36800000	37800000	12	0.26273420660983981545	1	10.02430073126799392	5.4412643411737931605	2.3326517830944663225
chr1	37000000	38000000	13	0.2819848821184146037	1	11.095266974722349972	5.9708784028332950507	2.443538091136149048
chr1	37200000	38200000	10	0.3693920041318778935	1	8.783753021655194435	4.722999492942498601	2.1732463028710065198
chr1	37400000	38400000	6	0.7696030790314535297	1	6.9345418592014690805	3.7286838113246424992	1.9309800131862169275
chr1	37600000	38600000	8	0.7206906755389457242	1	8.7837530216551941145	4.723089525834380598	2.1732670166903975259
chr1	37800000	38800000	8	0.7206906755389457242	1	8.7837530216551941145	4.723089525834380598	2.1732670166903975259
chr1	38000000	39000000	7	0.9601835090208062917	1	10.632964184108919238	5.717405247729583175	2.3911096268740133144
chr1	38200000	39200000	8	0.90616541268592165626	1	10.632964184108919238	5.717405247729583175	2.3911096268740133144
chr1	38400000	39400000	9	0.890855094470301756	1	11.557569765335781558	6.214563088538511189	2.492902542928325385
chr1	38600000	39600000	7	0.9437009624833144761	1	10.170661393495487734	5.471291847959450911	2.3390792735517646219
chr1	38800000	39800000	6	0.9695749751818415474	1	9.708358602882056974	5.222712927554986972	2.2853255627054511578
chr1	39000000	40000000	4	0.97753706367219761475	1	7.396844649814900189	3.979818284912310044	1.9949481910346218422
chr1	39200000	40200000	6	0.82874140401163476355	1	7.396844649814900189	3.979818284912310044	1.9949481910346218422
chr1	39400000	40400000	5	0.85490882651674859893	1	6.4722390685880376152	3.4826604441033816926	1.8661887482522719606
chr1	39600000	40600000	5	0.85500634402705288917	1	6.4722390685880380277	3.480104885662496877	1.8655039227143149798
chr1	39800000	40800000	6	0.8288262630146737697	1	7.396844649814900121	3.977264762854682735	1.9943080912573871255
chr1	40000000	41000000	7	0.7439084687424407649	1	7.859147440428331567	4.2258436832591467517	2.055685696612968787
chr1	40200000	41200000	4	0.9856055856006022964	1	7.859147440428331567	4.2258436832591467517	2.055685696612968787
chr1	40400000	41400000	8	0.87385880182989361664	1	10.1706613934954886135	5.4687382853275312805	2.3385333620300419568
chr1	40600000	41600000	9	0.76119645775879418714	1	10.1706613934954879066	5.4687382853275776796	2.3385333620300518774
chr1	40800000	41800000	9	0.6995550474509975025	1	9.708358602882056918	5.220157328539856174	2.284766361915339512
chr1	41000000	42000000	8	0.7206927498139303889	1	8.783753021655193979	4.7229994877309282066	2.1732463016719775857
chr1	41200000	42200000	8	0.6485683032859231867	1	8.321450231041762306	4.4744205673264640173	2.1152826211469861215
chr1	41400000	42400000	4	0.8832284381512545135	1	5.547633487361174907	2.9829470448536153037	1.7271210278534667021
chr1	41600000	42600000	5	0.72524428771507076785	1	5.5476334873611749627	2.9829470448535685277	1.7271210278534531604
chr1	41800000	42800000	4	0.8305670546725281156	1	5.0853306967477443566	2.7343681244491049342	1.6535924904428856695
chr1	42000000	43000000	5	0.79828080133441225996	1	6.0099362779746067207	3.2315259652580327011	1.7976445603227665599
chr1	42200000	43200000	8	0.648564968850521284	1	8.321450231041762119	4.4746055623225223547	2.1153263488933622119
chr1	42400000	43400000	10	0.5339635426687259212	1	9.708358602882056806	5.220342323535915312	2.2848068460016298087
chr1	42600000	43600000	11	0.59402693964062647236	1	11.095266974722350526	5.9661001740409949825	2.4425601679469423017
chr1	42800000	43800000	12	0.6445562566223088652	1	12.482175346562644458	6.8142000708844750025	2.610402281427993811
chr1	43000000	44000000	11	0.51969068847062893646	1	10.632964184108918673	5.8198843892666185604	2.4124436551485753946
chr1	43200000	44200000	10	0.45303081147349194557	1	9.246055812268624911	5.0739626330110569065	2.2525458115232766352
chr1	43400000	44400000	9	0.6271321617623980549	1	9.246055812268625137	5.0739842106462978294	2.2525506011289286527
chr1	43600000	44600000	6	0.7661633517438504182	1	6.9345418592014687106	3.831068519332289495	1.9573115539771100772
chr1	43800000	44800000	7	0.58550668283774764955	1	6.934541859201468885	3.7665137870803379932	1.9407508307560602442
chr1	44000000	45000000	7	0.80348748407007319905	1	8.321450231041762646	4.512250548293730047	2.1242058629741445205
chr1	44200000	45200000	6	0.7683321392315927145	1	6.934541859201468885	3.7665137870803379932	1.9407508307560602442
chr1	44400000	45400000	9	0.29023652287025936136	1	7.3968446498149002825	4.015071129849561207	2.0037642400865330362
chr1	44600000	45600000	10	0.36990111309092726932	1	8.783753021655193977	4.761110217367927185	2.1819968417410523797
chr1	44800000	45800000	8	0.648562817115145851	1	8.321450231041762666	4.4747249408728934366	2.1153545662306575683
chr1	45000000	46000000	10	0.6105139709542397597	1	10.170661393495487266	5.4690406225810059217	2.338598003629740107
chr1	45200000	46200000	13	0.35149222433843391178	1	11.557569765335781343	6.214777383794397932	2.4929455236315128778
chr1	45400000	46400000	10	0.79464382754290752153	1	11.557569765335782109	6.214777384514999137	2.4929455237760409466
chr1	45600000	46600000	10	0.7417110090440391934	1	11.095266974722351168	5.9658961378055614905	2.4425184007097186024
chr1	45800000	46800000	10	0.68017676436658802697	1	10.632964184108918493	5.717315170115820111	2.3910907908558846923
chr1	46000000	47000000	10	0.45260890487017779726	1	9.246055812268625044	4.9715787340262204332	2.2297037323434296197
chr1	46200000	47200000	6	0.955864789420578731	1	9.246055812268625044	4.9715787340262204332	2.2297037323434296197
chr1	46400000	47400000	5	0.9290178067458654265	1	7.3968446498149006056	3.9772630516877632632	1.9943076622446606002
chr1	46600000	47600000	5	0.8550063316171283567	1	6.4722390685880375485	3.4801052108788351246	1.865504009880127576
chr1	46800000	47800000	5	0.897707965766735394	1	6.9345418592014691946	3.7286841312816008372	1.9309800960345502322
chr1	47000000	48000000	3	0.9864393664261926764	1	6.4722390685880372458	3.480104885663088256	1.8655039227144734836
chr1	47200000	48200000	4	0.92098294340316699813	1	6.00993627797460637	3.2315259652586241145	1.7976445603229310566
chr1	47400000	48400000	6	0.8288263306880283565	1	7.396844649814899552	3.9772627264720161323	1.9943075807086569194
chr1	47600000	48600000	5	0.9514620818347060416	1	7.8591474404283321376	4.225971108014002023	2.0557166896277322442
chr1	47800000	48800000	4	0.9856043591893828282	1	7.8591474404283318735	4.2259713713769931735	2.0557167536839780237
chr1	48000000	49000000	6	0.955862636782492725	1	9.246055812268625367	4.9717083413588130055	2.2297327959553389063
chr1	48200000	49200000	5	0.9855901887345156487	1	9.246055812268625367	4.9717083413588130055	2.2297327959553389063
chr1	48400000	49400000	3	0.9949482182117502793	1	7.3968446498149000197	3.977392659740956925	1.9943401564780660368
chr1	48600000	49600000	4	0.98560557621316180477	1	7.8591474404283310417	4.2258446606345566364	2.0556859343378688003
chr1	48800000	49800000	4	0.9654337501763002871	1	6.934541859201468522	3.7286865564620465677	1.93098072400064278
chr1	49000000	50000000	5	0.79828069717036265196	1	6.0099362779746066444	3.2315285068846900816	1.7976452672551083935
chr1	49200000	50200000	6	0.39891273871101678994	1	5.085330696747743948	2.7343706660757622635	1.6535932589593373954
chr1	49400000	50400000	7	0.67057202911778890364	1	7.396844649814900354	3.99141772300014014	1.9978532786468930636
chr1	49600000	50600000	6	0.8283560143241306406	1	7.396844649814900576	3.9914151813734831834	1.9978526425573741957
chr1	49800000	50800000	8	0.47694522815088419287	1	7.396844649814900576	3.9914151813734831834	1.9978526425573741957
chr1	50000000	51000000	5	0.9286289010616539663	1	7.396844649814899854	3.9918561792102261767	1.9979630074679125992
chr1	50200000	51200000	5	0.95015954264486113257	1	7.8591474404283325657	4.288771862982726616	2.0709350214293848326
chr1	50400000	51400000	7	0.8031690674388789475	1	8.32145023104176243	4.5232876479083297585	2.126802211750855256
chr1	50600000	51600000	7	0.89077123077738984414	1	9.246055812268626085	5.0204454887992416966	2.240635063726184237
chr1	50800000	51800000	6	0.95505315038820204343	1	9.246055812268626085	5.0204454887992416966	2.240635063726184237
chr1	51000000	52000000	8	0.78088145150157040053	1	9.246055812268624524	5.02001099696197124	2.2405381043316293576
chr1	51200000	52200000	12	0.35716420103944940267	1	10.632964184108919362	5.7174109948076508427	2.3911108286333468994
chr1	51400000	52400000	11	0.21462681549746598364	1	8.783753021655193961	4.7230059937665970103	2.1732477985187508317
chr1	51600000	52600000	11	0.21462682006831124149	1	8.783753021655194521	4.723006172499728765	2.1732478396399543563
chr1	51800000	52800000	13	0.11098210963903272497	1	9.708358602882056581	5.220164859229172554	2.2847680099364951836
chr1	52000000	53000000	14	0.0772976329804178075	1	10.1706613934954881165	5.4687372736341627044	2.338533145720659377
chr1	52200000	53200000	13	0.281901502723964692	1	11.095266974722350999	5.9658956959847318845	2.4425183102660114724
chr1	52400000	53400000	13	0.3514887687098252611	1	11.557569765335781801	6.214474616389305362	2.4928847980581263439
chr1	52600000	53600000	13	0.35148876716492177819	1	11.557569765335782397	6.214474481031506007	2.4928847709092985686
chr1	52800000	53800000	13	0.35148875751002323087	1	11.557569765335781644	6.214473635110989545	2.4928846012423016981
chr1	53000000	54000000	12	0.28413514245256515922	1	10.170661393495487383	5.468736873897597704	2.3385330602532857294
chr1	53200000	54200000	10	0.21219183456994003545	1	7.8591474404283313175	4.2258416903333135034	2.0556852118778578943
chr1	53400000	54400000	10	0.2121918364283522096	1	7.8591474404283307364	4.2258417546393261064	2.0556852275188743269
chr1	53600000	54600000	12	0.06634281517133151784	1	8.321450231041763227	4.4744206315874188212	2.1152826363366713982
chr1	53800000	54800000	13	0.04335200774296851106	1	8.78375302165519405	4.72299955199818856	2.1732463164579823025
chr1	54000000	55000000	13	0.07220137529409284549	1	9.246055812268624764	4.9715784724026531025	2.2297036736756418373
chr1	54200000	55200000	12	0.10575562748500781651	1	8.78375302165519405	4.72299955199818856	2.1732463164579823025
chr1	54400000	55400000	11	0.15159605669439180087	1	8.321450231041762693	4.4744205672876024038	2.1152826211378002062
chr1	54600000	55600000	10	0.051837247580684996107	1	6.4722390685880373316	3.4801048856688028413	1.8655039227160051302
chr1	54800000	55800000	7	0.28991237570017908132	1	5.5476334873611749627	2.9829470448535685277	1.7271210278534531604
chr1	55000000	56000000	6	0.69617482448765843905	1	6.4722390685880380277	3.480104885662496877	1.8655039227143149798
chr1	55200000	56200000	5	0.79828080133441225996	1	6.0099362779746067207	3.2315259652580327011	1.7976445603227665599
chr1	55400000	56400000	5	0.8977079764365333281	1	6.9345418592014692596	3.7286838060669610627	1.930980011824814582
chr1	55600000	56600000	4	0.9654338037780445525	1	6.9345418592014692596	3.7286838060669610627	1.930980011824814582
chr1	55800000	56800000	5	0.95146476613852026816	1	7.859147440428331522	4.2258416468758891035	2.0556852013077997307
chr1	56000000	57000000	4	0.9209829434031876483	1	6.0099362779746067207	3.2315259652580327011	1.7976445603227665599
chr1	56200000	57200000	6	0.9104279127399449445	1	8.321450231041762827	4.474420567280353464	2.1152826211360867379
chr1	56400000	57400000	6	0.9104279127399449445	1	8.321450231041762827	4.474420567280353464	2.1152826211360867379
chr1	56600000	57600000	8	0.83289072257389940024	1	9.708358602882056577	5.2201573319949481013	2.2847663626714544444
chr1	56800000	57800000	9	0.7377042382174774371	1	9.9944725088473260685	5.424410070773513845	2.3290362965770872341
chr1	57000000	58000000	11	0.5940287673151251058	1	11.095266974722350575	5.965894093208340115	2.4425179821668335295
chr1	57200000	58200000	12	0.50713467403033529735	1	11.557569765335781776	6.214473013612830668	2.4928844765878804494
chr1	57400000	58400000	13	0.63027989378075699456	1	13.406780927789505866	7.208789339355159863	2.6849188701625901945
chr1	57600000	58600000	11	0.6623026890730954186	1	11.557569765335781432	6.2144736542361017286	2.4928846050782418294
chr1	57800000	58800000	11	0.77372271189946473235	1	12.454597595381890991	6.710785349875153881	2.5905183554406932404
chr1	58000000	59000000	9	0.89081808792900296634	1	11.557569765335781416	6.216467249947756551	2.4932844302140412939
chr1	58200000	59200000	7	0.89192018129475436616	1	9.24605581226862522	4.973572647769379862	2.2301508127858483154
chr1	58400000	59400000	6	0.7695361015757836709	1	6.9345418592014687817	3.7306774017786162377	1.931496156294031106
chr1	58600000	59600000	8	0.6485323697509808305	1	8.321450231041762038	4.4764141629927253706	2.1157538049103741056
chr1	58800000	59800000	10	0.12759076174697500661	1	7.23991072078148312	3.9408027024686105564	1.9851455116612007584
chr1	59000000	60000000	13	0.072201377676614150736	1	9.24605581226862515	4.9715785845336069354	2.2297036988204524516
chr1	59200000	60200000	13	0.11098193877165163368	1	9.708358602882056491	5.2201575049380706654	2.2847664005184579626
chr1	59400000	60400000	14	0.11603681006041714763	1	10.632964184108918105	5.7489322533680032013	2.3976931107562542273
chr1	59600000	60600000	13	0.07287316312910883942	1	9.246055812268625614	5.0031954921538940454	2.236782397139671261
chr1	59800000	60800000	11	0.09664717492261863663	1	7.8159004459991292396	4.2523276699610752364	2.0621172784206710188
chr1	60000000	61000000	9	0.4642319859136004312	1	8.321450231041762952	4.5060375153239406484	2.1227429225706867608
chr1	60200000	61200000	8	0.47697633639518571824	1	7.3968446498148998362	4.0088796745150124196	2.0022186879846597864
chr1	60400000	61400000	8	0.36184142798564750132	1	6.8288891751600109895	3.7095557341394843997	1.9260206993019271287
chr1	60600000	61600000	11	0.21463241970136148762	1	8.783753021655194126	4.723225133755198232	2.173298215559751071
chr1	60800000	61800000	12	0.15609276753734463439	1	9.246055812268625624	4.97180405415966231	2.2297542586930207073
chr1	61000000	62000000	11	0.059605233759334318167	1	7.396844649814900121	3.9774883321192231042	1.9943641423068213357
chr1	61200000	62200000	14	0.048340193858023634832	1	9.708358602882056759	5.2203829341547548304	2.2848157330854396124
chr1	61400000	62400000	13	0.15021716939414089809	1	10.081107494616835213	5.454190089599795424	2.3354207521557642064
chr1	61600000	62600000	10	0.28793655408915513894	1	8.321450231041762887	4.474420567293564604	2.1152826211392095216
chr1	61800000	62800000	10	0.36939200406190791925	1	8.783753021655193947	4.7229994877052473294	2.173246301666069172
chr1	62000000	63000000	10	0.741665298519704308	1	11.0952669747223503565	5.96830092556809919	2.443010627395652405
chr1	62200000	63200000	9	0.76114399095299656306	1	10.170661393495487808	5.471143084746707021	2.3390474738120872566
chr1	62400000	63400000	10	0.6104903501328007298	1	10.170661393495487808	5.471143084746707021	2.3390474738120872566
chr1	62600000	63600000	10	0.6801379487000511759	1	10.632964184108919337	5.7197220051511713395	2.391594030171335609
chr1	62800000	63800000	8	0.9500624279738755229	1	11.557569765335781711	6.2168798459528866094	2.4933671703046237488
chr1	63000000	64000000	7	0.85351355720745725186	1	8.783753021655194004	4.722999487685570231	2.1732463016615420509
chr1	63200000	64200000	6	0.9558647948340398548	1	9.246055812268625056	4.9715784080892866732	2.2297036592536880603
chr1	63400000	64400000	5	0.9672481712918182817	1	8.321450231041762799	4.4744205672803586834	2.1152826211360879715
chr1	63600000	64600000	5	0.97815958859196883157	1	8.7837530216551947	4.723003436444608369	2.173247210154566923
chr1	63800000	64800000	7	0.8535134487805022818	1	8.783753021655194646	4.72300343644469196	2.173247210154586155
chr1	64000000	65000000	8	0.7820960806833754386	1	9.246055812268625338	4.971582356849155617	2.2297045447433513309
chr1	64200000	65200000	11	0.36410967873049010501	1	9.708358602882056566	5.2983919303132739477	2.3018236097306139908
chr1	64400000	65400000	14	0.21974808181111485372	1	11.557569765335782126	6.324070189618618828	2.5147704049512390482
chr1	64600000	65600000	14	0.11768847301211515788	1	10.63296418410891917	5.8269084000875991675	2.4138990037049187132
chr1	64800000	65800000	16	0.021576912314571126267	1	10.6329641841089187326	5.8269084000895677235	2.4138990037053264677
chr1	65000000	66000000	15	0.018560034024150511012	1	9.708358602882056306	5.3297505592806391924	2.3086252531064107704
chr1	65200000	66200000	16	0.011114602529704127251	1	10.170661393495487356	5.50009882662547971	2.3452289497244143712
chr1	65400000	66400000	13	0.0235849070472698083	1	8.321450231041762827	4.4744205672824416504	2.115282621136580333
chr1	65600000	66600000	16	0.03568111862493764802	1	11.095266974722350846	5.982195268660210444	2.4458526669977916812
chr1	65800000	66800000	13	0.21753208547905536485	1	10.632964184108919654	5.733616372453653295	2.3944971022019745379
chr1	66000000	67000000	14	0.21800459793488727311	1	11.5575697653357809805	6.23218688113718099	2.4964348341459227823
chr1	66200000	67200000	10	0.67988980046786018363	1	10.63296418410891912	5.735128428005176193	2.3948128169034790334
chr1	66400000	67400000	13	0.49529345997743290386	1	12.482175346562644041	6.7294443499085216305	2.594117258319006988
chr1	66600000	67600000	9	0.76116350743301897097	1	10.170661393495487924	5.4702485689352172283	2.338856252302654283
chr1	66800000	67800000	10	0.45261513531748959194	1	9.246055812268624982	4.9730907039263240223	2.2300427583179484906
chr1	67000000	68000000	8	0.7206927442793110705	1	8.783753021655194018	4.7229997279722782818	2.1732463569444395324
chr1	67200000	68200000	8	0.7206927442793563676	1	8.783753021655194041	4.7229997279703063036	2.1732463569439858383
chr1	67400000	68400000	5	0.97815963359894897433	1	8.7837530216551937216	4.722999487684817162	2.1732463016613687917
chr1	67600000	68600000	5	0.9855912465205853845	1	9.246055812268625018	4.971578408089281136	2.2297036592536868184
chr1	67800000	68800000	4	0.9977626855499382996	1	9.708358602882056994	5.220160045579810842	2.284766956514342371
chr1	68000000	69000000	6	0.986054615310294591	1	10.632964184108919127	5.7173178863887529626	2.3910913588545195867
chr1	68200000	69200000	8	0.9500960568620711033	1	11.557569765335781782	6.2144903776942575745	2.4928879593143085287
chr1	68400000	69400000	10	0.7918662576059449787	1	11.557569765335781784	6.352906215548261046	2.5204972159374152037
chr1	68600000	69600000	10	0.73907966795998569776	1	11.095266974722350128	6.1043272951437966534	2.4706936870328131902
chr1	68800000	69800000	9	0.75817625910021924085	1	10.170661393495486729	5.6071667372488031753	2.3679456786946788353
chr1	69000000	70000000	8	0.7786241540141173312	1	9.246055812268625063	5.1100088964398611468	2.2605328788672508814
chr1	69200000	70200000	6	0.9337769703146479028	1	8.783753021655193602	4.8614153255388210945	2.204861747488676691
chr1	69400000	70400000	4	0.9775724665586549289	1	7.3968446498149009625	3.9772627270271541514	1.9943075808478375614
chr1	69600000	70600000	4	0.96543380375805309956	1	6.934541859201468724	3.7286838070927445852	1.9309800120904267364
chr1	69800000	70800000	7	0.9599953656670010549	1	10.632964184108918885	5.731279922469390484	2.3940091734305009726
chr1	70000000	71000000	6	0.97917384332091228494	1	10.1706613934954872	5.482701002064925958	2.341516816524050924
chr1	70200000	71200000	5	0.9938491125049947472	1	10.170661393495487685	5.482701072092473421	2.3415168314775090296
chr1	70400000	71400000	5	0.9905065869500723208	1	9.708358602882056954	5.234122151682541834	2.2878203932307583646
chr1	70600000	71600000	4	0.9986035541368709634	1	10.170661393495488305	5.4827010716169510495	2.3415168313759675064
chr1	70800000	71800000	1	0.99990920398438409844	1	6.934541859201469105	3.728683876644769007	1.9309800300999409887
chr1	71000000	72000000	1	0.9998902367472469743	1	6.9345418592014689257	3.8494771760174661733	1.9620084546243591999
chr1	71200000	72200000	2	0.9924630245817854801	1	5.5476334873611756393	3.1037403442262659302	1.7617435523441730281
chr1	71400000	72400000	3	0.9850806935269621478	1	6.472239068588037748	3.6010322191361267326	1.8976385902315874681
chr1	71600000	72600000	5	0.92579504380094279625	1	7.3968446498149006425	4.098190087380942842	2.0243986977324755338
chr1	71800000	72800000	9	0.54859515048712004237	1	8.783753021655193974	4.844074625562194477	2.2009258564436455085
chr1	72000000	73000000	11	0.36333334065154748727	1	9.708358602882057232	5.237229140717442532	2.2884993206722702742
chr1	72200000	73200000	10	0.36962006263380514648	1	8.783753021655194088	4.7400712999085141902	2.177170480212450931
chr1	72400000	73400000	9	0.2897162481802134093	1	7.396844649814900021	3.99420050459418893	1.9985496002336766948
chr1	72600000	73600000	10	0.09249179555455916413	1	6.9345418592014692895	3.7454743921505101454	1.9353228134217066955
chr1	72800000	73800000	8	0.12998718403687184453	1	5.5476334873611751882	2.9997370185725852423	1.731974889706136947
chr1	73000000	74000000	7	0.28991237570017908132	1	5.5476334873611749627	2.9829470448535685277	1.7271210278534531604
chr1	73200000	74200000	8	0.29005581149309589417	1	6.4722390685880377783	3.4801180872266212966	1.8655074610482321243
chr1	73400000	74400000	7	0.39069489529832313046	1	6.0099362779746064826	3.2315391668221570703	1.7976482322251361618
chr1	73600000	74600000	6	0.6083856025124421141	1	6.0099362779746064566	3.2315391690399149075	1.7976482328419859428
chr1	73800000	74800000	7	0.80457919436055158613	1	8.3214502310417627325	4.4744337711109564534	2.1152857421896826215
chr1	74000000	75000000	9	0.46413161717846640464	1	8.3214502310417627325	4.4744337711109564534	2.1152857421896826215
chr1	74200000	75200000	9	0.62858760491916698676	1	9.2460558122686248425	4.9715784103557601943	2.2297036597619335195
chr1	74400000	75400000	10	0.6801767643431495536	1	10.6329641841089198905	5.7173151715691530143	2.3910907911597905308
chr1	74600000	75600000	10	0.5339643482838281052	1	9.708358602882056388	5.2201573285424670225	2.284766361915910872
chr1	74800000	75800000	10	0.4526089811634874116	1	9.246055812268625397	4.9715972479976286887	2.2297078840058014847
chr1	75000000	76000000	7	0.8535130398923611583	1	8.783753021655194478	4.7230183275931653755	2.1732506361653653904
chr1	75200000	76200000	10	0.5339641058399384743	1	9.708358602882056562	5.2202130014844926077	2.2847785453921989696
chr1	75400000	76400000	10	0.45260913294644139482	1	9.24605581226862545	4.971634081080028585	2.2297161436111163845
chr1	75600000	76600000	12	0.28413614282762772456	1	10.170661393495487576	5.468791921888956718	2.3385448299934206559
chr1	75800000	76800000	12	0.21622882957225145195	1	9.708358602882057107	5.220232884719022111	2.284782896626946941
chr1	76000000	77000000	13	0.11098726803656204509	1	9.70835860288205727	5.2203868836401078795	2.284816597374963897
chr1	76200000	77200000	12	0.21623152942643172891	1	9.708358602882057156	5.2203505411918768465	2.2848086443271079429
chr1	76400000	77400000	14	0.11536748729751349074	1	10.6329641841089196095	5.717508382000805369	2.3911311929713947356
chr1	76600000	77600000	12	0.21623152942643183994	1	9.708358602882056553	5.220350541191878622	2.2848086443271083312
chr1	76800000	77800000	10	0.45260954162323119299	1	9.246055812268625101	4.971733253765818105	2.2297383823591991315
chr1	77000000	78000000	12	0.28413515247200338276	1	10.1706613934954876845	5.4687374252388024883	2.338533178135132315
chr1	77200000	78200000	11	0.15159607626848831119	1	8.321450231041762483	4.474421252986777158	2.1152827832199592596
chr1	77400000	78400000	11	0.28891676739965638232	1	9.246055812268625001	5.1091387197654940778	2.2603403990915824175
chr1	77600000	78600000	12	0.3588156894457534829	1	10.632964184108918384	5.8552624107166578757	2.419764949476840793
chr1	77800000	78800000	17	0.12733074628495452685	1	13.406780927789506812	7.3607425087637976357	2.7130688359796176826
chr1	78000000	79000000	18	0.06583084687802047419	1	13.406780927789506216	7.3607421792159474787	2.7130687752462058584
chr1	78200000	79200000	18	0.17097783740598535007	1	14.793689299629801003	8.106478940429340485	2.847187900443056548
chr1	78400000	79400000	18	0.16883574049819599638	1	14.793689299629801506	7.9689193144606033626	2.8229274369810860165
chr1	78600000	79600000	18	0.12717065057527729421	1	14.331386509016369854	7.719953464318367003	2.7784804235981881402
chr1	78800000	79800000	13	0.21719286910859744721	1	10.632964184108918721	5.7173151693410187682	2.391090790693866306
chr1	79000000	80000000	10	0.45260890352704380435	1	9.246055812268625389	4.9715784080903339275	2.2297036592539229017
chr1	79200000	80200000	8	0.47692001969123126726	1	7.396844649814899861	3.9772627264724777602	1.9943075807087726558
chr1	79400000	80400000	8	0.47692918258636063378	1	7.3968446498148999854	3.9824069305105557729	1.9955968857739169595
chr1	79600000	80600000	7	0.67077931924590594726	1	7.3968446498148999854	3.9824069305105557729	1.9955968857739169595
chr1	79800000	80800000	7	0.91845018343067208466	1	9.708358602882057957	5.3667723790980659863	2.3166295299633184953
chr1	80000000	81000000	10	0.7389415126434596415	1	11.095266974722351053	6.1125091408826788112	2.4723489116390264893
chr1	80200000	81200000	11	0.6603316618849015551	1	11.557569765335780292	6.361088061287142285	2.5221197555403950892
chr1	80400000	81400000	8	0.77856572264368129055	1	9.246055812268624971	5.113049255225691138	2.2612052660529718344
chr1	80600000	81600000	8	0.5652522429766376755	1	7.859147440428332211	4.36731249401229914	2.0898115929461916782
chr1	80800000	81800000	7	0.49133392117255558773	1	6.472239068588037268	3.48010488623371754	1.8655039228674158807
chr1	81000000	82000000	3	0.9134114345078961916	1	4.6230279061343131555	2.4857892040446409325	1.576638577494741162
chr1	81200000	82200000	4	0.88322843814769558257	1	5.547633487361175452	2.982947044935552512	1.7271210278771874509
chr1	81400000	82400000	4	0.92098294340032860195	1	6.0099362779746064132	3.2315259653400197734	1.7976445603455705874
chr1	81600000	82600000	5	0.89770797643384292464	1	6.934541859201468653	3.728683806148957341	1.93098001184604636
chr1	81800000	82800000	6	0.76960307920533777004	1	6.934541859201468653	3.728683806148957341	1.93098001184604636
chr1	82000000	83000000	7	0.74390851428391513434	1	7.859147440428331416	4.2258420411112301565	2.0556852971968326447
chr1	82200000	83200000	9	0.62838496169265134483	1	9.2460558122686248034	4.985837402962855739	2.2328988788037078816
chr1	82400000	83400000	10	0.36958249092401440627	1	8.783753021655193928	4.737258482558388309	2.1765244043103188483
chr1	82600000	83600000	8	0.6483113146788902492	1	8.321450231041762752	4.4886795621542985055	2.1186504105572251076
chr1	82800000	83800000	8	0.47694541670746276596	1	7.3968446498149005475	3.9915213271920260362	1.997879207357648546
chr1	83000000	84000000	9	0.2896494573133288064	1	7.396844649814900135	3.9915213271921775801	1.9978792073576864722
chr1	83200000	84200000	7	0.28991323901704080246	1	5.547633487361175079	2.9829725074753628777	1.7271283992440639842
chr1	83400000	84400000	7	0.4913339126509719823	1	6.4722390685880384384	3.4801303482842915304	1.8655107472979863619
chr1	83600000	84600000	6	0.5079129158581645598	1	5.547633487361175245	2.9829725074749793084	1.7271283992439529417
chr1	83800000	84800000	6	0.39891315440180330487	1	5.085330696747743749	2.7343935870705152879	1.6536001896076679175
chr1	84000000	85000000	8	0.47692087611022543348	1	7.3968446498149003766	3.977743535637945327	1.9944281224546412134
chr1	84200000	85200000	7	0.5860261139430206212	1	6.934541859201468377	3.7291391526122216551	1.9310979137817485756
chr1	84400000	85400000	11	0.28761404114692762368	1	9.246055812268626002	5.043798115078441315	2.2458401802172926025
chr1	84600000	85600000	13	0.28310988812941095816	1	11.095266974722350335	6.038116485016801632	2.4572579199214724746
chr1	84800000	85800000	17	0.21817181930935883316	1	14.331386509016369144	7.7781692828946668826	2.7889369449477818704
chr1	85000000	86000000	14	0.21903569667535280341	1	11.557569765335781083	6.2862404139226204258	2.5072376061958348877
chr1	85200000	86200000	13	0.28310241273483571778	1	11.09526697472235069	6.0376614935181566776	2.4571653370333378275
chr1	85400000	86400000	11	0.36319069087060951162	1	9.708358602882056914	5.225925304164452188	2.2860282815758102926
chr1	85600000	86600000	12	0.35840189583138093443	1	10.632964184108920123	5.8209008189263422915	2.4126543098683537452
chr1	85800000	86800000	10	0.5335142673711245065	1	9.70835860288205739	5.3237426231985101512	2.307323692765822173
chr1	86000000	87000000	11	0.51968858989283173155	1	10.632964184108918973	5.8209004640074375097	2.4126542363147350729
chr1	86200000	87200000	13	0.5642781736415445337	1	12.944478137176075453	7.064612229108848967	2.6579338270748669951
chr1	86400000	87400000	12	0.64460036199681836067	1	12.482175346562643063	6.8103514828908402003	2.6096650135392550417
chr1	86600000	87600000	12	0.50713345304661505697	1	11.557569765335780895	6.2154193424519413166	2.4930742753580249712
chr1	86800000	87800000	11	0.3631298565015403934	1	9.70835860288205613	5.2211036607063731666	2.2849734485779858108
chr1	87000000	88000000	10	0.36940464661576155603	1	8.783753021655194331	4.7239458198974452288	2.1734640139412120547
chr1	87200000	88200000	9	0.3760359023511189447	1	7.859147440428331118	4.2259708187848285194	2.055716619280203348
chr1	87400000	88400000	8	0.38310774281391557494	1	6.934541859201469278	3.728729871485858816	1.9309919397775483247
chr1	87600000	88600000	7	0.28991237579427986404	1	5.547633487361174766	2.9829470476289714326	1.7271210286569298305
chr1	87800000	88800000	6	0.5079130095227319952	1	5.547633487361174766	2.9829470476289714326	1.7271210286569298305
chr1	88000000	89000000	6	0.7695969623793963432	1	6.934541859201469266	3.7288658740979442041	1.9310271551943396231
chr1	88200000	89200000	7	0.49133384947216640626	1	6.4722390685880376478	3.4803191581704928988	1.8655613520253073946
chr1	88400000	89400000	8	0.47692040274483071816	1	7.3968446498149002907	3.9774777776969064017	1.9943614962430723787
chr1	88600000	89600000	6	0.6961684432464451122	1	6.472239068588037821	3.480319936887978537	1.865561560733919747
chr1	88800000	89800000	8	0.38328106786581983556	1	6.934541859201468825	3.740087588884289016	1.9339306060157094002
chr1	89000000	90000000	8	0.1297444740384173234	1	5.5476334873611752117	2.9941687624153164131	1.730366655485280788
chr1	89200000	90200000	8	0.20520179559130169444	1	6.009936277974606767	3.274499587265599942	1.8095578430284012179
chr1	89400000	90400000	7	0.39140184226569912918	1	6.009936277974606178	3.27449880858217058	1.8095576278699085907
chr1	89600000	90600000	9	0.21005892372360041032	1	6.9345418592014686585	3.7716566493910987099	1.9420753459614018564
chr1	89800000	90800000	12	0.15693566828244465139	1	9.246055812268625135	5.0048134173388771745	2.2371440314246369896
chr1	90000000	91000000	11	0.28683709886431235647	1	9.246055812268625135	5.0048134173388771745	2.2371440314246369896
chr1	90200000	91200000	11	0.15163747428804280615	1	8.3214502310417626805	4.475871464831713909	2.1156255492954593048
chr1	90400000	91400000	11	0.15163747428707102793	1	8.321450231041762765	4.4758714647976579203	2.1156255492874106242
chr1	90600000	91600000	11	0.21466375388079728115	1	8.783753021655193667	4.724450387467764346	2.1735800853586610705
chr1	90800000	91800000	7	0.5860324423755187695	1	6.9345418592014683	3.7286838083326035197	1.9309800124114706951
chr1	91000000	92000000	10	0.21219183338809952111	1	7.8591474404283311107	4.2258416494384829416	2.055685201931094055
chr1	91200000	92200000	12	0.15608700378375689466	1	9.246055812268625308	4.9715784106518756754	2.2297036598283359492
chr1	91400000	92400000	13	0.21729425586322126396	1	10.6329641841089194395	5.7221844367630071123	2.3921087844751139394
chr1	91600000	92600000	17	0.06056423449183544888	1	12.482175346562643028	6.7165012448019923976	2.5916213544424255646
chr1	91800000	92800000	18	0.1270255486097215114	1	14.3313865090163696705	7.7108204802942773896	2.7768364158326427043
chr1	92000000	93000000	19	0.12885794534291289404	1	15.25599209024323287	8.207978320806253321	2.8649569492064367357
chr1	92200000	93200000	18	0.2164722019091382399	1	15.25599209024323287	8.207978320806253321	2.8649569492064367357
chr1	92400000	93400000	18	0.11140604172788741433	1	14.126053468379689332	7.648311489211963533	2.7655580791608704765
chr1	92600000	93600000	13	0.4952976999311702877	1	12.482175346562643192	6.711637301738161276	2.5906827867838550326
chr1	92800000	93800000	12	0.4324246458650316538	1	11.095266974722350195	5.965896995831838276	2.4425185763534815492
chr1	93000000	94000000	11	0.66230159606550398355	1	11.557569765335781703	6.2145542812654610337	2.4929007764581126692
chr1	93200000	94200000	10	0.74170952141473645014	1	11.095266974722350085	5.965974399594287831	2.442534421373481449
chr1	93400000	94400000	9	0.8904502974580053021	1	11.552164007323089192	6.2141165419931897727	2.492812977740847243
chr1	93600000	94600000	8	0.8328887292355219296	1	9.7083586028820561455	5.2202376465784204565	2.2847839387080828427
chr1	93800000	94800000	7	0.8535113520473315285	1	8.783753021655193689	4.7230797965879959986	2.1732647782973882262
chr1	94000000	95000000	5	0.7982807216681918616	1	6.0099362779746065668	3.2315279091320531443	1.797645100995202875
chr1	94200000	95200000	5	0.6346895882334747663	1	5.085330696747744081	2.7343681326774001963	1.6535924929308914216
chr1	94400000	95400000	8	0.20353163541681437709	1	6.0099362779746061444	3.2316305254588127082	1.7976736426445186961
chr1	94600000	95600000	8	0.20353163541681437709	1	6.0099362779746061444	3.2316305254588127082	1.7976736426445186961
chr1	94800000	95800000	9	0.082839352344955513585	1	6.0099362779746064002	3.2316418027585399847	1.7976767792788947255
chr1	95000000	96000000	11	0.09950012777812425324	1	7.859147440428331078	4.2259576123350826894	2.0557134071497132426
chr1	95200000	96200000	10	0.36939355336208851144	1	8.783753021655194893	4.7231154531440110106	2.173272981736075191
chr1	95400000	96400000	9	0.46416101459467901114	1	8.321450231041762351	4.48369038202477002	2.1174726402068976957
chr1	95600000	96600000	12	0.28430534809449192757	1	10.1706613934954880184	5.478103091298964219	2.3405347874575511678
chr1	95800000	96800000	13	0.42349612847724849019	1	12.019872555949212538	6.472407497233799615	2.5440926667937627651
chr1	96000000	97000000	13	0.35159552588421250086	1	11.557569765335781761	6.223828448870649134	2.494760198670535375
chr1	96200000	97200000	12	0.70625488005087377896	1	12.944478137176075376	6.9695652103825878575	2.639993411049085906
chr1	96400000	97400000	10	0.74170920359986169945	1	11.095266974722350026	5.965991119278726933	2.4425378439808720665
chr1	96600000	97600000	10	0.74171104793867181915	1	11.095266974722350103	5.9658940916223902363	2.4425179818421788307
chr1	96800000	97800000	7	0.9215082409009531794	1	9.708358602882056411	5.2201573289143359683	2.2847663619972909538
chr1	97000000	98000000	5	0.97815963359415525336	1	8.783753021655193687	4.722999488105407499	2.1732463017581342473
chr1	97200000	98200000	6	0.7696030792039924018	1	6.934541859201469128	3.7286838061890056663	1.9309800118564163082
chr1	97400000	98400000	7	0.67089766007202644715	1	7.3968446498149001238	3.9772627265934697369	1.9943075807391069877
chr1	97600000	98600000	7	0.8045795755330389376	1	8.321450231041762586	4.474420567402397551	2.115282621164934913
chr1	97800000	98800000	9	0.3769015782902586098	1	7.8591474404283322604	4.2868189858305655203	2.0704634712620663668
chr1	98000000	99000000	14	0.07850197609517151065	1	10.17066139349548785	5.529713603421068236	2.3515343083657249154
chr1	98200000	99200000	13	0.11239866435335112149	1	9.708358602882056258	5.281134683016604161	2.2980719490513355468
chr1	98400000	99400000	14	0.116662178591615595113	1	10.632964184108918016	5.7782925238255325754	2.4038079215747527309
chr1	98600000	99600000	14	0.028604052999054573048	1	9.246055812268625587	5.032555762612140732	2.2433358559547299162
chr1	98800000	99800000	14	0.048338588861857385848	1	9.708358602882056644	5.220287151352225315	2.2847947722612255038
chr1	99000000	100000000	9	0.3760359114119853352	1	7.8591474404283307516	4.225971454166185826	2.0557167738203105459
chr1	99200000	100000000	9	0.208639591504882288	1	6.9345418592014686507	3.7288136133572579356	1.9310136232966503687
chr1	99400000	100000000	6	0.2883452477790295898	1	4.623027906134312576	2.4859190113349378575	1.5766797427933606382
chr1	99600000	100000000	3	0.7070626139957044698	1	3.2361195342940186556	1.7401822501215456229	1.3191596757487493875
chr1	99800000	100000000	1	0.8445419028317011634	1	1.3869083718402938077	0.74573676121339216847	0.8635605139267266014
