chr_name	begin	end	overlap_count	p-value	p-value_adjusted	mean	variance	standard_deviation	z-score
chr1	0	1000000	5	0.8550063440270574411	1	6.472239068588071456	3.4801048856625153372	1.8655039227143199275
chr1	100000	1100000	5	0.7982808013344163678	1	6.0099362779746380047	3.2315259652580498528	1.7976445603227713305
chr1	200000	1200000	4	0.8305670546725326675	1	5.085330696747771852	2.7343681244491195176	1.6535924904428900791
chr1	300000	1300000	3	0.91341143450790118763	1	4.6230279061343383367	2.4857892040446543918	1.5766385774947454303
chr1	400000	1400000	2	0.9449531231064466352	1	3.6984223249074704883	1.9886313632357236001	1.4101884140907283741
chr1	500000	1500000	2	0.94495312310644674625	1	3.6984223249074703772	1.9886313632357233572	1.4101884140907282881
chr1	600000	1600000	2	0.9449531231064465242	1	3.6984223249074702662	1.9886313632357235953	1.4101884140907283724
chr1	700000	1700000	2	0.8511614255056716427	1	2.77381674368060277	1.4914735224267926075	1.2212589907250601721
chr1	800000	1800000	2	0.9087973406094276285	1	3.23611953429403678	1.7400524428312580778	1.3191104740814008401
chr1	900000	1900000	3	0.8003299931183706084	1	3.6984223249074709323	1.9886313632357236524	1.4101884140907283927
chr1	1000000	2000000	4	0.41800450186856791257	1	3.2361195342940372796	1.7400524428312582353	1.3191104740814008999
chr1	1100000	2100000	4	0.66036909519046282924	1	4.1607251155209045556	2.380133168026405794	1.542768021455722874
chr1	1200000	2200000	5	0.5261902227621341188	1	4.6230279061343385813	2.6287120884308713487	1.6213303452507361705
chr1	1300000	2300000	6	0.40150471477175864177	1	5.085330696747772129	2.8772910088353364944	1.696257942895282803
chr1	1400000	2400000	6	0.5637204530827407689	1	5.812979484256765554	3.3208074280668634295	1.822308269219800097
chr1	1500000	2500000	7	0.49128608805261503312	1	6.4722390685880734004	3.6230277700487328683	1.9034252730403505043
chr1	1600000	2600000	6	0.50738720862538078116	1	5.5476334873612060225	3.125869929239802215	1.7680129889906924026
chr1	1700000	2700000	6	0.50738720862538078116	1	5.5476334873612060225	3.125869929239802215	1.7680129889906924026
chr1	1800000	2800000	6	0.4015047147717587528	1	5.0853306967477731803	2.877291008835337224	1.696257942895283018
chr1	1900000	2900000	4	0.7519021917314934189	1	4.6230279061343384633	2.6287120884308712695	1.6213303452507361461
chr1	2000000	3000000	3	0.9065108719379120217	1	4.623027906134338741	2.628712088430871607	1.6213303452507362502
chr1	2100000	3100000	4	0.6666106399568966223	1	4.1607251155209040803	2.2372102836401889503	1.4957306855313856769
chr1	2200000	3200000	3	0.86718966969910715736	1	4.1607251155209034835	2.2372102836401885875	1.4957306855313855556
chr1	2300000	3300000	3	0.9134114345079009656	1	4.6230279061343369585	2.4857892040446536437	1.5766385774947451931
chr1	2400000	3400000	4	0.8287801193003558886	1	5.0737326842342523646	2.7333591854737834103	1.6532873874416944243
chr1	2500000	3500000	4	0.66661063994242808484	1	4.16072511552090339	2.2372102839714968013	1.4957306856421368483
chr1	2600000	3600000	5	0.52751827217127944536	1	4.6230279061343361553	2.485789204375961686	1.5766385775998130402
chr1	2700000	3700000	5	0.52751827217127944536	1	4.6230279061343361553	2.485789204375961686	1.5766385775998130402
chr1	2800000	3800000	5	0.52751827217127944536	1	4.6230279061343361553	2.485789204375961686	1.5766385775998130402
chr1	2900000	3900000	5	0.40792905234439580386	1	4.160725115520903279	2.2372102839714968375	1.4957306856421368604
chr1	3000000	4000000	6	0.28833983251482636634	1	4.623027906134337099	2.4857892043759621495	1.5766385775998131873
chr1	3100000	4100000	5	0.5275182721712795564	1	4.623027906134338047	2.4857892043759626348	1.5766385775998133412
chr1	3200000	4200000	6	0.39891269262257156303	1	5.085330696747772636	2.7343681247804285822	1.6535924905430686499
chr1	3300000	4300000	6	0.28833983251482642185	1	4.623027906134338047	2.4857892043759626348	1.5766385775998133412
chr1	3400000	4400000	5	0.4079290523376816746	1	4.1607251155209051003	2.2372102836401895956	1.4957306855313858927
chr1	3500000	4500000	4	0.75933888514525582636	1	4.6230279061343387114	2.4857892040446548107	1.5766385774947455632
chr1	3600000	4600000	4	0.83056455791450090054	1	5.0853306967477716924	2.7344177630455513417	1.6536074996943958411
chr1	3700000	4700000	5	0.798278766984800936	1	6.009936277974639469	3.2315756038544819456	1.7976583668357238632
chr1	3800000	4800000	7	0.5860317525235066993	1	6.9345418592015066065	3.7287334446634129233	1.9309928649954698689
chr1	3900000	4900000	7	0.5860317525235066993	1	6.9345418592015066065	3.7287334446634129233	1.9309928649954698689
chr1	4000000	5000000	7	0.49133390455981196254	1	6.472239068588072932	3.4801545242589478771	1.8655172270067483559
chr1	4100000	5100000	7	0.39069549760220773083	1	6.0099362779746390564	3.2315756038544821483	1.7976583668357239196
chr1	4200000	5200000	7	0.28991405870979530812	1	5.547633487361205663	2.9829966834500171763	1.7271353981231515412
chr1	4300000	5300000	6	0.50791282691685002426	1	5.5476334873612058135	2.982996683450016735	1.7271353981231514135
chr1	4400000	5400000	6	0.60838487564828480636	1	6.009936277974639438	3.2315756038544821516	1.7976583668357239206
chr1	4500000	5500000	8	0.20352948737404991109	1	6.0099362779746394805	3.2315756039402729904	1.7976583668595857512
chr1	4600000	5600000	8	0.1292553586259645726	1	5.5476334873612053256	2.9829470449393757096	1.7271210278782942632
chr1	4700000	5700000	7	0.1169719167199210208	1	4.623027906134338203	2.4857892041304455232	1.576638577521952405
chr1	4800000	5800000	5	0.28436795828234817662	1	3.6984223249074707589	1.9886313633215145006	1.4101884141211466145
chr1	4900000	5900000	7	0.28991237570308947546	1	5.5476334873612056587	2.9829470449393759753	1.7271210278782943401
chr1	5000000	6000000	6	0.39891269261811890257	1	5.085330696747772791	2.7343681245349106953	1.6535924904688309255
chr1	5100000	6100000	6	0.50791300953262963347	1	5.54763348736120603	2.9829470449393762944	1.7271210278782944326
chr1	5200000	6200000	5	0.79828080133090062454	1	6.0099362779746398327	3.231525965343841502	1.7976445603466335697
chr1	5300000	6300000	5	0.7252442877117397657	1	5.5476334873612060195	2.9829470449393763042	1.7271210278782944354
chr1	5400000	6400000	6	0.50791300953262963347	1	5.5476334873612054644	2.9829470449393759798	1.7271210278782943414
chr1	5500000	6500000	4	0.75933888514525571534	1	4.623027906134338628	2.4857892040446546236	1.5766385774947455038
chr1	5600000	6600000	3	0.91341143450790129865	1	4.623027906134338767	2.4857892040446549335	1.5766385774947456022
chr1	5700000	6700000	3	0.9648946232111320631	1	5.5476334873612064193	2.9829470448535859105	1.7271210278534581927
chr1	5800000	6800000	4	0.97757229179751026216	1	7.396844649814940663	3.9772753421633874093	1.9943107436313397671
chr1	5900000	6900000	3	0.9780679133823723115	1	6.009936277974639157	3.2315385809500726914	1.7976480692699760723
chr1	6000000	7000000	3	0.9780679133823723115	1	6.009936277974639157	3.2315385809500726914	1.7976480692699760723
chr1	6100000	7100000	3	0.96489430888420801846	1	5.5476334873612054453	2.9829596605456078328	1.7271246800812059014
chr1	6200000	7200000	3	0.91341082540060158923	1	4.623027906134338394	2.485801819736676947	1.5766425783089447401
chr1	6300000	7300000	3	0.91341082540060158923	1	4.623027906134338394	2.485801819736676947	1.5766425783089447401
chr1	6400000	7400000	4	0.75933822871410272537	1	4.623027906134338394	2.485801819736676947	1.5766425783089447401
chr1	6500000	7500000	5	0.72524379729226196023	1	5.5476334873612061166	2.9829596605456079686	1.7271246800812059406
chr1	6600000	7600000	5	0.6346892219705327909	1	5.0853306967477716585	2.7343807401411424692	1.6535963050699957552
chr1	6700000	7700000	6	0.39998677593993009483	1	5.0853306967477717965	2.7935930696179141423	1.6714045200423248054
chr1	6800000	7800000	6	0.10437835890004738826	1	3.6984223249074707658	2.0478436927124957464	1.4310288930390244732
chr1	6900000	7900000	6	0.10437835890004738826	1	3.698422324907470967	2.0478436927124955866	1.4310288930390244173
chr1	7000000	8000000	6	0.10437835890004738826	1	3.698422324907470967	2.0478436927124955866	1.4310288930390244173
chr1	7100000	8100000	6	0.10437835890004738826	1	3.698422324907470967	2.0478436927124955866	1.4310288930390244173
chr1	7200000	8200000	7	0.060744229482075494386	1	4.1607251155209044116	2.2964226131169610389	1.5153952003081443833
chr1	7300000	8300000	7	0.060744229482075494386	1	4.1607251155209044116	2.2964226131169610389	1.5153952003081443833
chr1	7400000	8400000	5	0.17429120299472852795	1	3.23611953429403678	1.7992647723080300707	1.3413667553313038892
chr1	7500000	8500000	4	0.15120306156345011961	1	2.311513953067169419	1.3021069314990992599	1.1410990016204112252
chr1	7600000	8600000	4	0.28066941226609382065	1	2.7738167436806029642	1.5506858519035645228	1.2452653740884167549
chr1	7700000	8700000	3	0.42958512930585640577	1	2.3115139530671691137	1.242894602022327243	1.1148518296268465303
chr1	7800000	8800000	2	0.6289357663986351321	1	1.8492111624537354575	0.9943156816178618164	0.99715379035425714835
chr1	7900000	8900000	3	0.70707163774002457224	1	3.236119534294036891	1.7400524429212732644	1.3191104741155204944
chr1	8000000	9000000	3	0.70707163774002457224	1	3.236119534294036891	1.7400524429212732644	1.3191104741155204944
chr1	8100000	9100000	3	0.70707163774002457224	1	3.236119534294036891	1.7400524429212732644	1.3191104741155204944
chr1	8200000	9200000	2	0.90879734060275418894	1	3.236119534294036891	1.7400524429212732644	1.3191104741155204944
chr1	8300000	9300000	3	0.80032999311192076775	1	3.6984223249074708283	1.988631363325738701	1.4101884141226443579
chr1	8400000	9400000	3	0.80032999311192076775	1	3.6984223249074708283	1.988631363325738701	1.4101884141226443579
chr1	8500000	9500000	3	0.80032999311192076775	1	3.6984223249074708283	1.988631363325738701	1.4101884141226443579
chr1	8600000	9600000	3	0.8671896696935484927	1	4.1607251155209044186	2.2372102837302040603	1.4957306855614763579
chr1	8700000	9700000	3	0.80032999311192087877	1	3.6984223249074711336	1.9886313633257388194	1.4101884141226443998
chr1	8800000	9800000	3	0.80032999311192087877	1	3.6984223249074710503	1.988631363325738706	1.4101884141226443596
chr1	8900000	9900000	1	0.9164106149760627984	1	1.8492111624537356518	0.99431568161786205637	0.9971537903542572687
chr1	9000000	10000000	2	0.85116142550567175373	1	2.773816743680603554	1.4914735224267929579	1.2212589907250603156
chr1	9100000	10100000	3	0.7070716377462822333	1	3.2361195342940375017	1.7400524428312582677	1.3191104740814009121
chr1	9200000	10200000	4	0.41800450186856785706	1	3.236119534294037224	1.7400524428312581293	1.3191104740814008597
chr1	9300000	10300000	3	0.70707163774628212227	1	3.2361195342940370576	1.7400524428312580627	1.3191104740814008345
chr1	9400000	10400000	3	0.70707163774628212227	1	3.2361195342940370576	1.7400524428312580627	1.3191104740814008345
chr1	9500000	10500000	3	0.80032999311837071943	1	3.6984223249074708213	1.9886313632357236744	1.4101884140907284005
chr1	9600000	10600000	3	0.80032999311837071943	1	3.6984223249074707103	1.9886313632357236472	1.4101884140907283908
chr1	9700000	10700000	3	0.86718966969910749043	1	4.1607251155209043023	2.2372102836401889891	1.4957306855313856899
chr1	9800000	10800000	3	0.9444780768691957151	1	5.0853306967477715336	2.7343681266200040231	1.6535924910993046787
chr1	9900000	10900000	3	0.9444780768691957151	1	5.0853306967477715336	2.7343681266200040231	1.6535924910993046787
chr1	10000000	11000000	4	0.83056705456333979054	1	5.085330696747771709	2.7343681266200045897	1.6535924910993048501
chr1	10100000	11100000	3	0.94447807686919582615	1	5.085330696747771336	2.7343681266200040858	1.6535924910993046976
chr1	10200000	11200000	3	0.97806812711672130867	1	6.009936277974638326	3.2315259674293382137	1.7976445609266972701
chr1	10300000	11300000	3	0.97806812711672130867	1	6.009936277974638326	3.2315259674293382113	1.7976445609266972695
chr1	10400000	11400000	4	0.965433803735733842	1	6.934541859201505832	3.7286838082382692664	1.9309800123870441726
chr1	10500000	11500000	4	0.96543380373573395303	1	6.934541859201506498	3.7286838082382694924	1.9309800123870442312
chr1	10600000	11600000	5	0.8550063439442032731	1	6.472239068588072325	3.4801048878338042302	1.8655039232962776672
chr1	10700000	11700000	5	0.798280801245430216	1	6.009936277974639714	3.2315259674293388738	1.7976445609266974538
chr1	10800000	11800000	6	0.6083858659241201394	1	6.00993627797463879	3.2315259652584540093	1.7976445603228837433
chr1	10900000	11900000	6	0.6961748244876502234	1	6.4722390685880724975	3.4801048856629193588	1.865503922714428215
chr1	11000000	12000000	4	0.92098294340317865547	1	6.009936277974639234	3.2315259652584542064	1.7976445603228837981
chr1	11100000	12100000	5	0.7982808013343999365	1	6.009936277974639234	3.2315259652584540093	1.7976445603228837433
chr1	11200000	12200000	4	0.7593388851452556043	1	4.6230279061343384573	2.485789204044654827	1.5766385774947455683
chr1	11300000	12300000	4	0.6666106399568966223	1	4.1607251155209039276	2.2372102836401886654	1.4957306855313855816
chr1	11400000	12400000	4	0.55164104545946768265	1	3.6984223249074701552	1.9886313632357235681	1.4101884140907283629
chr1	11500000	12500000	4	0.6666106399568966223	1	4.1607251155209039137	2.2372102836401884895	1.4957306855313855228
chr1	11600000	12600000	4	0.75933848991268215745	1	4.623027906134337366	2.4857967998639547594	1.5766409863580087583
chr1	11700000	12700000	5	0.6346893678042553333	1	5.085330696747770331	2.7343757202684198385	1.6535947872040537605
chr1	11800000	12800000	6	0.39891283037289210212	1	5.0853306967477704976	2.734375720268419865	1.6535947872040537685
chr1	11900000	12900000	7	0.28991263323842364485	1	5.5476334873612043455	2.9829546406728851156	1.7271232268349832818
chr1	12000000	13000000	7	0.19619614292937412325	1	5.0853306967477704976	2.734375720268419865	1.6535947872040537685
chr1	12100000	13100000	8	0.12925568970157660931	1	5.5476334873612050966	2.9829546406728855504	1.7271232268349834077
chr1	12200000	13200000	8	0.12925568970157660931	1	5.5476334873612050966	2.9829546406728855504	1.7271232268349834077
chr1	12300000	13300000	8	0.2035278430300858643	1	6.0099362779746385043	3.2315335610773508448	1.7976466730359864699
chr1	12400000	13400000	8	0.47692003322096271356	1	7.3968446498149394873	3.9772703222907469754	1.9943094850826806855
chr1	12500000	13500000	8	0.2900556507662560568	1	6.472239068588072217	3.4801124814818164646	1.8655059585758005465
chr1	12600000	13600000	8	0.29005543298038055644	1	6.472239068588072122	3.4801048856625154142	1.8655039227143199481
chr1	12700000	13700000	7	0.39069467707656507782	1	6.009936277974639421	3.2315259652580506527	1.7976445603227715529
chr1	12800000	13800000	5	0.7252442877150749867	1	5.5476334873612062806	2.9829470448535856403	1.7271210278534581146
chr1	12900000	13900000	5	0.798270595146226003	1	6.009936277974639987	3.23177499858685285	1.7977138255536816253
chr1	13000000	14000000	5	0.8549968411685753278	1	6.472239068588073548	3.4803539189913182139	1.8655706684527708381
chr1	13100000	14100000	4	0.9209742585765907652	1	6.009936277974639432	3.231774998586852738	1.797713825553681594
chr1	13200000	14200000	5	0.85499684116857521676	1	6.472239068588073429	3.4803539189913181287	1.8655706684527708152
chr1	13300000	14300000	6	0.7695947125855981952	1	6.934541859201507014	3.7289328393957833845	1.931044494411193878
chr1	13400000	14400000	5	0.7252346067855306444	1	5.54763348736120599	2.9831960781823875705	1.7271931212757847162
chr1	13500000	14500000	5	0.7252346067855306444	1	5.54763348736120599	2.9831960781823875705	1.7271931212757847162
chr1	13600000	14600000	4	0.83055452861401113385	1	5.085330696747772498	2.7346171577779221698	1.6536677894238377436
chr1	13700000	14700000	4	0.88321762104288170647	1	5.547633487361205879	2.9831960781823874621	1.7271931212757846848
chr1	13800000	14800000	4	0.83055452861401113385	1	5.0853306967477716655	2.7346171577779218628	1.6536677894238376508
chr1	13900000	14900000	3	0.86718966969910749043	1	4.16072511552090433	2.2372102836401889252	1.4957306855313856685
chr1	14000000	15000000	4	0.6666106399568966223	1	4.1607251155209046354	2.237210283640189306	1.4957306855313857957
chr1	14100000	15100000	4	0.7593388851452556043	1	4.6230279061343381285	2.4857892040446545213	1.5766385774947454714
chr1	14200000	15200000	3	0.91341143450790118763	1	4.6230279061343381285	2.4857892040446545213	1.5766385774947454714
chr1	14300000	15300000	4	0.75933888514525571534	1	4.6230279061343381147	2.4857892040446543389	1.5766385774947454135
chr1	14400000	15400000	5	0.52751827217435820483	1	4.62302790613433817	2.4857892040446544122	1.5766385774947454368
chr1	14500000	15500000	5	0.52751827217435820483	1	4.62302790613433817	2.4857892040446544122	1.5766385774947454368
chr1	14600000	15600000	6	0.3989126949392086674	1	5.085330696747772115	2.734368252518712356	1.6535925291675432446
chr1	14700000	15700000	6	0.28833983784379002557	1	4.6230279061343383593	2.4857893321142469467	1.5766386181095041751
chr1	14800000	15800000	6	0.28833983784379002557	1	4.6230279061343383593	2.4857893321142469467	1.5766386181095041751
chr1	14900000	15900000	7	0.19619578848334615073	1	5.085330696747772261	2.734368252518712573	1.6535925291675433102
chr1	15000000	16000000	6	0.28833983784379002557	1	4.6230279061343388033	2.4857893321142470072	1.5766386181095041943
chr1	15100000	16100000	5	0.40792905493315256837	1	4.160725115520905428	2.2372104117097817667	1.4957307283431004536
chr1	15200000	16200000	5	0.28436796526427887688	1	3.6984223249074711475	1.9886314913053162168	1.4101884594994089714
chr1	15300000	16300000	5	0.5275182709842611839	1	4.6230279061343388164	2.4857893321212940225	1.576638618111739017
chr1	15400000	16400000	4	0.66661063436369805135	1	4.160725115520904325	2.2372104117168282614	1.4957307283454559895
chr1	15500000	16500000	4	0.75933887848105563467	1	4.6230279061343384833	2.4857893321212937872	1.5766386181117389424
chr1	15600000	16600000	3	0.867189669698672283	1	4.160725115520904526	2.2372102836472359435	1.4957306855337413795
chr1	15700000	16700000	5	0.6346895884723161574	1	5.0853306967477720692	2.734368124456166682	1.6535924904450209441
chr1	15800000	16800000	5	0.72524428771480098366	1	5.5476334873612056357	2.9829470448606321862	1.7271210278554980834
chr1	15900000	16900000	4	0.83056705467217806227	1	5.0853306967477720137	2.7343681244561669004	1.6535924904450210101
chr1	16000000	17000000	4	0.88322843815095553044	1	5.5476334873612058577	2.9829470448606323191	1.7271210278554981217
chr1	16100000	17100000	4	0.8305670546721782843	1	5.0853306967477720692	2.734368124456166682	1.6535924904450209441
chr1	16200000	17200000	5	0.72524428771480087264	1	5.5476334873612056357	2.9829470448606321918	1.727121027855498085
chr1	16300000	17300000	3	0.86718966969910749043	1	4.1607251155209040803	2.2372102836401889876	1.4957306855313856894
chr1	16400000	17400000	4	0.83056705465759628204	1	5.085330696747771838	2.7343681247460718796	1.6535924905326801464
chr1	16500000	17500000	4	0.8832284381383628258	1	5.5476334873612040874	2.982947045150536071	1.7271210279394249999
chr1	16600000	17600000	4	0.8832284381383630478	1	5.5476334873612046425	2.9829470451505365588	1.727121027939425141
chr1	16700000	17700000	3	0.9444780769356357908	1	5.085330696747771066	2.7343681247460710037	1.6535924905326798816
chr1	16800000	17800000	4	0.83056705465759628204	1	5.085330696747771288	2.7343681247460710272	1.6535924905326798886
chr1	16900000	17900000	5	0.6346895884638938945	1	5.0853306967477713437	2.7343681247460713006	1.6535924905326799713
chr1	17000000	18000000	6	0.39891269262194833933	1	5.0853306967477716212	2.7343681247460712954	1.6535924905326799697
chr1	17100000	18100000	7	0.39070083791727172606	1	6.0099362779746380854	3.2318986720567789395	1.7977482226543234549
chr1	17200000	18200000	6	0.6083784305297804673	1	6.009936277974638252	3.2318986720567788285	1.797748222654323424
chr1	17300000	18300000	6	0.50791163837692765437	1	5.5476334873612053174	2.983319751652313845	1.7272289227697392415
chr1	17400000	18400000	6	0.3989194519505501746	1	5.0853306967477715514	2.734740830950896579	1.6537051825978222346
chr1	17500000	18500000	7	0.116991447897583172866	1	4.6230279061343377217	2.4861619105464314154	1.5767567696212473898
chr1	17600000	18600000	7	0.058053290043765748418	1	4.16072511552090416	2.23758299014196612	1.495855270452982734
chr1	17700000	18700000	6	0.100554744104867463395	1	3.6984223249074707138	1.9890040697375007619	1.410320555667221622
chr1	17800000	18800000	5	0.28438829062368187195	1	3.6984223249074711579	1.9890040697375007941	1.4103205556672216334
chr1	17900000	18900000	5	0.28438829062368192746	1	3.6984223249074707693	1.989004069737500646	1.4103205556672215809
chr1	18000000	19000000	5	0.40793660564526385004	1	4.1607251155209042173	2.2375829901955879265	1.4958552704709061948
chr1	18100000	19100000	4	0.5516410454584160794	1	3.698422324907470301	1.9886313632893451802	1.4101884141097405783
chr1	18200000	19200000	4	0.41800450186981696898	1	3.2361195342940368216	1.7400524428848799172	1.3191104741017258396
chr1	18300000	19300000	5	0.2843679582805932471	1	3.698422324907470412	1.9886313632893452073	1.4101884141097405879
chr1	18400000	19400000	4	0.5516410454584160794	1	3.698422324907470301	1.9886313632893451802	1.4101884141097405783
chr1	18500000	19500000	3	0.8003299931145284596	1	3.698422324907470412	1.9886313632893452073	1.4101884141097405879
chr1	18600000	19600000	3	0.91341143450531225856	1	4.6230279061343386186	2.485789204098276348	1.5766385775117505821
chr1	18700000	19700000	4	0.91799790614613552275	1	6.0099362779746401094	3.3171205082052035613	1.8212963812090561449
chr1	18800000	19800000	5	0.85174014334303971285	1	6.4722390685880731567	3.5656994286096683944	1.8883059679537287302
chr1	18900000	19900000	4	0.9179979061461357448	1	6.0099362779746399984	3.3171205082052033955	1.8212963812090560994
chr1	19000000	20000000	3	0.9414433298831859087	1	5.085330696747772795	2.8199626673426509474	1.6792744467009110502
chr1	19100000	20100000	4	0.91799439043493946677	1	6.0099362779746397763	3.3172223132670337472	1.8213243295105442991
chr1	19200000	20200000	5	0.8517363591384339294	1	6.472239068588074265	3.565801233671499485	1.8883329244790229746
chr1	19300000	20300000	4	0.9450953066168217287	1	6.4722390685880735713	3.5658012336714991096	1.8883329244790228752
chr1	19400000	20400000	4	0.9450953066168217287	1	6.4722390685880739044	3.5658012336714992297	1.8883329244790229071
chr1	19500000	20500000	5	0.8517363591384338184	1	6.4722390685880726276	3.5658012336714985117	1.8883329244790227169
chr1	19600000	20600000	5	0.7947688461326057885	1	6.00993627797464013	3.3172223132670339714	1.8213243295105443607
chr1	19700000	20700000	5	0.7212824977728832243	1	5.547633487361205987	3.084866776789581441	1.7563788819015051688
chr1	19800000	20800000	5	0.79410398939155502074	1	6.0099362779746394016	3.3334456971940465855	1.8257726302018131046
chr1	19900000	20900000	5	0.8511173103759411829	1	6.4722390685880731884	3.582024617598511879	1.8926237390454849409
chr1	20000000	21000000	6	0.7661790841397446705	1	6.9345418592015068003	3.83060353800297743	1.9571927697605510596
chr1	20100000	21100000	6	0.6931535237326990062	1	6.4722390685880729433	3.5819228124844910812	1.8925968436210843161
chr1	20200000	21200000	5	0.79410797463964233334	1	6.009936277974639603	3.3333438920800258507	1.8257447499801350519
chr1	20300000	21300000	5	0.72128621438957041256	1	5.547633487361205211	3.0847649716755602782	1.7563499001268398393
chr1	20400000	21400000	5	0.6317316474794789638	1	5.085330696747771564	2.8361860512710949124	1.6840979933694757871
chr1	20500000	21500000	4	0.75404100224112224904	1	4.623027906134337544	2.5876071308666295267	1.608604093885947291
chr1	20600000	21600000	4	0.75404100224112224904	1	4.623027906134337544	2.5876071308666295267	1.608604093885947291
chr1	20700000	21700000	3	0.8003299931182681348	1	3.6984223249074706062	1.9886313632371548221	1.4101884140912358319
chr1	20800000	21800000	2	0.8511614255055257594	1	2.7738167436806030683	1.4914735224282238491	1.2212589907256461418
chr1	20900000	21900000	2	0.7618361911269785347	1	2.3115139530671694607	1.2428946020237585265	1.1148518296274884467
chr1	21000000	22000000	1	0.91641061497585596385	1	1.8492111624537356795	0.99431568161929312984	0.9971537903549748478
chr1	21100000	22100000	1	0.84454190283170593734	1	1.3869083718403017458	0.7457367612133964902	0.8635605139267291037
chr1	21200000	22200000	2	0.6289357663986351321	1	1.8492111624537354575	0.9943156816178618164	0.99715379035425714835
chr1	21300000	22300000	2	0.9449500097728017467	1	3.6984223249074707138	1.9886933175753918849	1.4102103806082948717
chr1	21400000	22400000	3	0.8671858434706404273	1	4.1607251155209042676	2.2372722379798574274	1.4957513957806816726
chr1	21500000	22500000	4	0.7593356614807477145	1	4.6230279061343381103	2.4858511583843226444	1.576658224975952943
chr1	21600000	22600000	4	0.83056393844833853457	1	5.0853306967477715284	2.7344300787887878088	1.653611223591805393
chr1	21700000	22700000	4	0.88322574707850431963	1	5.5476334873612048798	2.9830089991932533485	1.7271389634865091968
chr1	21800000	22800000	4	0.83056393844833853457	1	5.0853306967477710844	2.7344300787887876193	1.6536112235918053357
chr1	21900000	22900000	4	0.92098078279802442214	1	6.0099362779746380034	3.2315879195977184185	1.7976617923285009337
chr1	22000000	23000000	4	0.92098078279802442214	1	6.0099362779746380034	3.2315879195977184185	1.7976617923285009337
chr1	22100000	23100000	4	0.92098078279802453316	1	6.0099362779746389194	3.2315879195977185497	1.7976617923285009703
chr1	22200000	23200000	3	0.97806707734587194913	1	6.0099362779746391167	3.2315879195977189875	1.797661792328501092
chr1	22300000	23300000	3	0.9444780769461643688	1	5.0853306967477716924	2.7343681244491197674	1.6535924904428901546
chr1	22400000	23400000	2	0.98864079168530027975	1	5.0853306967477718034	2.7343681244491198005	1.6535924904428901647
chr1	22500000	23500000	1	0.9979798769445363815	1	4.623027906134338628	2.4857892040446546236	1.5766385774947455038
chr1	22600000	23600000	2	0.9671712526514009145	1	4.160725115520904566	2.2372102836401890683	1.4957306855313857164
chr1	22700000	23700000	2	0.94495312310644685727	1	3.6984223249074711197	1.9886313632357239112	1.4101884140907284844
chr1	22800000	23800000	2	0.9671712526514009145	1	4.1607251155209053015	2.2372102836401894586	1.4957306855313858468
chr1	22900000	23900000	3	0.8003299931183706084	1	3.6984223249074708977	1.988631363235723906	1.4101884140907284826
chr1	23000000	24000000	3	0.86718966969910760145	1	4.160725115520904455	2.2372102836401889004	1.4957306855313856602
chr1	23100000	24100000	3	0.91341143450790129865	1	4.62302790613433885	2.4857892040446546763	1.5766385774947455205
chr1	23200000	24200000	3	0.9444780769461643688	1	5.085330696747772192	2.734368124449120042	1.6535924904428902377
chr1	23300000	24300000	4	0.8305670546725326675	1	5.085330696747771949	2.7343681244491199892	1.6535924904428902217
chr1	23400000	24400000	5	0.6346895884725208825	1	5.085330696747772192	2.7343681244491200649	1.6535924904428902446
chr1	23500000	24500000	6	0.60838586592412813303	1	6.0099362779746395313	3.2315259652580505191	1.7976445603227715158
chr1	23600000	24600000	7	0.5860313117942479444	1	6.934541859201506571	3.7287651560780290612	1.9310010761462638452
chr1	23700000	24700000	7	0.5860313117942479444	1	6.934541859201506571	3.7287651560780290612	1.9310010761462638452
chr1	23800000	24800000	7	0.49133389394670468064	1	6.4722390685880724632	3.480186235673563196	1.8655257263499646511
chr1	23900000	24900000	6	0.7696003461408565949	1	6.93454185920150635	3.7287651560780290677	1.931001076146263847
chr1	24000000	25000000	6	0.82882362725307923146	1	7.396844649814940209	3.977344076482494551	1.9943279761570047612
chr1	24100000	25100000	5	0.8550032397933943207	1	6.472239068588072852	3.4801862356735632983	1.8655257263499646786
chr1	24200000	25200000	5	0.72524112531215800814	1	5.547633487361204777	2.9830283948646328822	1.7271445784486696765
chr1	24300000	25300000	4	0.7593346522675469279	1	4.6230279061343381754	2.485870554055702323	1.5766643758440482767
chr1	24400000	25400000	3	0.94447519268861479524	1	5.0853306967477715575	2.7344494744601674885	1.6536170882221093837
chr1	24500000	25500000	2	0.9671686000973819253	1	4.1607251155209036483	2.2372916336512365316	1.4957578793545553413
chr1	24600000	25600000	0	1.000000000000000222	1	2.773816743680603103	1.4914735224267928844	1.2212589907250602855
chr1	24700000	25700000	1	0.987005353260710927	1	3.236119534294036669	1.7400524428312583971	1.3191104740814009612
chr1	24800000	25800000	2	0.9449531231064465242	1	3.6984223249074703425	1.9886313632357238225	1.410188414090728453
chr1	24900000	25900000	3	0.70707163774628212227	1	3.2361195342940372796	1.7400524428312582353	1.3191104740814008999
chr1	25000000	26000000	5	0.1694695620213635956	1	3.2361195342940372796	1.7400524428312582353	1.3191104740814008999
chr1	25100000	26100000	5	0.1694695620213635956	1	3.2361195342940372796	1.7400524428312582353	1.3191104740814008999
chr1	25200000	26200000	5	0.1694695620213635956	1	3.2361195342940372796	1.7400524428312582353	1.3191104740814008999
chr1	25300000	26300000	6	0.10053052426758089799	1	3.6984223249074702107	1.9886313632357233797	1.410188414090728296
chr1	25400000	26400000	7	0.004513210656762898544	1	3.2361195342940376404	1.7400524428312584914	1.3191104740814009969
chr1	25500000	26500000	7	0.02150039608536875868	1	3.6984223249074715638	1.9886313632357240323	1.4101884140907285273
chr1	25600000	26600000	7	0.10322907816613709209	1	4.515226426739440245	2.4660404152030636414	1.5703631475563426636
chr1	25700000	26700000	8	0.12925535946509458807	1	5.5476334873612062146	2.9829470641911969167	1.7271210334516793548
chr1	25800000	26800000	7	0.19619578332253870268	1	5.085330696747772486	2.734368143786731489	1.6535924962900416745
chr1	25900000	26900000	6	0.39891269296726622473	1	5.0853306967477722596	2.7343681437867314523	1.6535924962900416633
chr1	26000000	27000000	4	0.6666106391124093644	1	4.16072511552090424	2.2372103029778006315	1.4957306919956548887
chr1	26100000	27100000	5	0.5275182719946716059	1	4.623027906134337654	2.4857892233822657542	1.576638583627289566
chr1	26200000	27200000	6	0.39891269296726616922	1	5.085330696747771598	2.7343681437867313996	1.6535924962900416474
chr1	26300000	27300000	5	0.6346895879107383731	1	5.08533069674777182	2.7343681437867314228	1.6535924962900416544
chr1	26400000	27400000	4	0.7593388841390633637	1	4.623027906134337765	2.4857892233822659436	1.576638583627289626
chr1	26500000	27500000	5	0.5275182719946717169	1	4.623027906134338098	2.4857892233822660385	1.5766385836272896561
chr1	26600000	27600000	5	0.38455178570441472807	1	4.0732592677728050442	2.2229655917020397617	1.490961297855192404
chr1	26700000	27700000	4	0.27598453624159402509	1	2.7738167436806028324	1.4914735224267926304	1.2212589907250601815
chr1	26800000	27800000	5	0.16946956202136354008	1	3.236119534294036225	1.7400524428312579785	1.3191104740814008025
chr1	26900000	27900000	5	0.28436795827766803146	1	3.6984223249074704883	1.9886313632357236001	1.4101884140907283741
chr1	27000000	28000000	5	0.28436795827766803146	1	3.6984223249074704883	1.9886313632357236001	1.4101884140907283741
chr1	27100000	28100000	4	0.55164104545946768265	1	3.6984223249074708421	1.9886313632357238259	1.4101884140907284542
chr1	27200000	28200000	3	0.70707163774628201125	1	3.2361195342940368633	1.7400524428312583679	1.3191104740814009502
chr1	27300000	28300000	4	0.55164104545946768265	1	3.6984223249074708213	1.9886313632357236744	1.4101884140907284005
chr1	27400000	28400000	4	0.55164104545946768265	1	3.6984223249074708421	1.9886313632357238259	1.4101884140907284542
chr1	27500000	28500000	3	0.70707163774628212227	1	3.236119534294037224	1.7400524428312581293	1.3191104740814008597
chr1	27600000	28600000	4	0.7593388851452556043	1	4.623027906134338184	2.4857892040446545943	1.5766385774947454946
chr1	27700000	28700000	3	0.964894623211131397	1	5.5476334873612053195	2.9829470448536040184	1.727121027853463435
chr1	27800000	28800000	3	0.9780681271535132115	1	6.0099362779746401033	3.2315259652580698244	1.7976445603227768854
chr1	27900000	28900000	3	0.964894623211131508	1	5.547633487361206652	2.9829470448536043953	1.727121027853463544
chr1	28000000	29000000	3	0.964894623211131508	1	5.5476334873612060967	2.9829470448536042116	1.7271210278534634909
chr1	28100000	29100000	3	0.94447807694616359164	1	5.0853306967477720775	2.7343681244491388441	1.6535924904428959229
chr1	28200000	29200000	3	0.94447807694616359164	1	5.0853306967477720775	2.7343681244491388441	1.6535924904428959229
chr1	28300000	29300000	2	0.96717125265140013735	1	4.1607251155209043717	2.2372102836402079744	1.4957306855313920364
chr1	28400000	29400000	2	0.96717125265140013735	1	4.1607251155209043717	2.2372102836402079744	1.4957306855313920364
chr1	28500000	29500000	4	0.8305670546725316683	1	5.085330696747771814	2.7343681244491385809	1.6535924904428958433
chr1	28600000	29600000	3	0.8671896696991063802	1	4.1607251155209040386	2.237210283640207732	1.4957306855313919553
chr1	28700000	29700000	3	0.5831857223701188975	1	2.773816743680603103	1.4914735224267928042	1.2212589907250602526
chr1	28800000	29800000	5	0.16946956202142043901	1	3.2361195342940369535	1.7400524428319559789	1.319110474081665375
chr1	28900000	29900000	6	0.04125792813095728595	1	3.2361195342940369535	1.7400524428319559789	1.319110474081665375
chr1	29000000	30000000	7	0.11697341740189065584	1	4.6230279061343379707	2.4858178411029880344	1.5766476591499408415
chr1	29100000	30100000	7	0.19619714162160298287	1	5.085330696747771925	2.7343967615074533089	1.6536011494636345072
chr1	29200000	30200000	7	0.19619714162160298287	1	5.0853306967477717444	2.734396761507453442	1.6536011494636345475
chr1	29300000	30300000	7	0.2899133466471447984	1	5.5476334873612051825	2.9829756819119187367	1.7271293182364540988
chr1	29400000	30400000	8	0.20352866597676450011	1	6.009936277974638803	3.2315546023163838653	1.7976525254665830067
chr1	29500000	30500000	6	0.39891321197278772903	1	5.085330696747772133	2.7343967615074537486	1.6536011494636346402
chr1	29600000	30600000	6	0.39891321197278772903	1	5.085330696747772133	2.7343967615074537486	1.6536011494636346402
chr1	29700000	30700000	6	0.39891321197278767352	1	5.085330696747772133	2.7343967615074537486	1.6536011494636346402
chr1	29800000	30800000	3	0.8003279412109252089	1	3.698422324907470693	1.9886600002933594975	1.4101985676823528448
chr1	29900000	30900000	2	0.90879521756893255624	1	3.2361195342940371478	1.7400810798888941425	1.3191213287218481415
chr1	30000000	31000000	1	0.955054220938289955	1	2.3115139530671698076	1.2428946020223275016	1.1148518296268466463
chr1	30100000	31100000	1	0.9164106149760626874	1	1.8492111624537356518	0.99431568161786205637	0.9971537903542572687
chr1	30200000	31200000	2	0.85116142550567175373	1	2.773816743680603332	1.4914735224267928914	1.2212589907250602884
chr1	30300000	31300000	2	0.761836191127154172	1	2.3115139530671698076	1.2428946020223275016	1.1148518296268466463
chr1	30400000	31400000	2	0.85116142550567175373	1	2.7738167436806030544	1.4914735224267926333	1.2212589907250601827
chr1	30500000	31500000	2	0.85116142550567175373	1	2.7738167436806030544	1.4914735224267926333	1.2212589907250601827
chr1	30600000	31600000	4	0.41802193106921120558	1	3.2361195342940368772	1.7408006806798364131	1.3193940581493598696
chr1	30700000	31700000	4	0.41802193106921120558	1	3.2361195342940368772	1.7408006806798364131	1.3193940581493598696
chr1	30800000	31800000	4	0.41802193106921120558	1	3.2361195342940368772	1.7408006806798364131	1.3193940581493598696
chr1	30900000	31900000	5	0.28440877707413503295	1	3.6984223249074708352	1.989379601084301853	1.4104536862599572266
chr1	31000000	32000000	6	0.18556409825544861736	1	4.1607251155209046822	2.2379585214887673355	1.4959807891442882214
chr1	31100000	32100000	7	0.11701112711193921434	1	4.623027906134337942	2.4865374418932326825	1.57687584859849784
chr1	31200000	32200000	6	0.10057914751095815842	1	3.6984223249074706132	1.9893796010843018258	1.410453686259957217
chr1	31300000	32300000	6	0.1855640982554485896	1	4.1607251155209042798	2.2379585214887672423	1.4959807891442881902
chr1	31400000	32400000	5	0.16953049078907814207	1	3.2361195342940368216	1.7408006806798365583	1.3193940581493599247
chr1	31500000	32500000	5	0.16953049078907814207	1	3.2361195342940368216	1.7408006806798365583	1.3193940581493599247
chr1	31600000	32600000	3	0.5831857223701188975	1	2.773816743680603332	1.4914735224267928914	1.2212589907250602884
chr1	31700000	32700000	3	0.70707163774628212227	1	3.2361195342940373074	1.7400524428312583742	1.3191104740814009526
chr1	31800000	32800000	3	0.70707163774628212227	1	3.2361195342940373074	1.7400524428312583742	1.3191104740814009526
chr1	31900000	32900000	4	0.55164104545946768265	1	3.6984223249074707658	1.9886313632357237229	1.4101884140907284177
chr1	32000000	33000000	4	0.41800450186856791257	1	3.23611953429403678	1.7400524428312581868	1.3191104740814008816
chr1	32100000	33100000	4	0.55164104545946768265	1	3.6984223249074707311	1.9886313632357237988	1.4101884140907284446
chr1	32200000	33200000	5	0.6346885473410974754	1	5.0853306967477721213	2.734403962163029833	1.6536033267271295112
chr1	32300000	33300000	5	0.5275179391678205265	1	4.6230279061343385917	2.4858250417585645677	1.5766499426818131108
chr1	32400000	33400000	5	0.6346885473410974754	1	5.085330696747771788	2.7344039621630296293	1.6536033267271294496
chr1	32500000	33500000	6	0.60838515097195555725	1	6.009936277974639811	3.2315618029719625562	1.7976545282595214368
chr1	32600000	33600000	7	0.39069526947371885361	1	6.0099362779746398943	3.2315618029719627444	1.7976545282595214892
chr1	32700000	33700000	7	0.2899135907872583684	1	5.5476334873612062597	2.9829828825674970416	1.7271314028085694678
chr1	32800000	33800000	8	0.20352894760255579865	1	6.0099362779746398943	3.2315618029719627444	1.7976545282595214892
chr1	32900000	33900000	8	0.2035289476025558264	1	6.009936277974640255	3.2315618029719628073	1.7976545282595215066
chr1	33000000	34000000	8	0.2035289476025558264	1	6.0099362779746401163	3.2315618029719627717	1.7976545282595214968
chr1	33100000	34100000	7	0.19619748339039125296	1	5.0853306967477730246	2.7344039621630322153	1.6536033267271302316
chr1	33200000	34200000	8	0.032778099817021830176	1	4.6230279061343394695	2.4857892040446567716	1.576638577494746185
chr1	33300000	34300000	8	0.032778099817021830176	1	4.6230279061343392474	2.4857892040446568681	1.5766385774947462156
chr1	33400000	34400000	8	0.07170113632155020178	1	5.085330696747772747	2.734368124449120246	1.6535924904428902993
chr1	33500000	34500000	8	0.032778099817021788542	1	4.6230279061343392665	2.4857892040446550631	1.5766385774947456433
chr1	33600000	34600000	7	0.0580362448865428468	1	4.1607251155209057456	2.2372102836401894796	1.4957306855313858538
chr1	33700000	34700000	7	0.0580362448865428468	1	4.1607251155209057456	2.2372102836401894796	1.4957306855313858538
chr1	33800000	34800000	6	0.18551908302965722242	1	4.1607251155209057456	2.2372102836401894796	1.4957306855313858538
chr1	33900000	34900000	4	0.4180045018685680791	1	3.2361195342940377792	1.7400524428312586588	1.3191104740814010605
chr1	34000000	35000000	4	0.5516410454594677937	1	3.6984223249074711197	1.9886313632357239112	1.4101884140907284844
chr1	34100000	35100000	5	0.52705201519501532204	1	4.623027906134338458	2.5359671505423582731	1.5924720250423108368
chr1	34200000	35200000	3	0.9109887569854878686	1	4.6230279061343382743	2.5359671505423577612	1.5924720250423106761
chr1	34300000	35300000	3	0.9109887569854878686	1	4.6230279061343382743	2.5359671505423577612	1.5924720250423106761
chr1	34400000	35400000	5	0.6000348741863921198	1	4.9407923655251307837	2.752757358281227442	1.6591435616851326112
chr1	34500000	35500000	6	0.39982271027806504105	1	5.0853306967477728564	2.7845460709468238042	1.6686959192575571839
chr1	34600000	35600000	6	0.39982271027806504105	1	5.0853306967477730784	2.7845460709468238046	1.668695919257557184
chr1	34700000	35700000	6	0.39982271027806504105	1	5.0853306967477730784	2.7845460709468238046	1.668695919257557184
chr1	34800000	35800000	7	0.19857740665909334732	1	5.0853306967477721555	2.7845460709468234529	1.6686959192575570786
chr1	34900000	35900000	9	0.084615943233464177564	1	6.0099362779746396453	3.28170391175575389	1.8115473804887781323
chr1	35000000	36000000	9	0.04435530517734240924	1	5.547633487361205709	3.0331249913512888924	1.7415869175413809626
chr1	35100000	36100000	8	0.12925535862222520267	1	5.5476334873612044764	2.9829470448535850007	1.7271210278534579294
chr1	35200000	36200000	9	0.0181819611278236197	1	5.0853306967477714703	2.7343681244491197212	1.6535924904428901406
chr1	35300000	36300000	10	0.025185706794864613778	1	6.0099362779746389445	3.231525965840048758	1.7976445604846495232
chr1	35400000	36400000	8	0.19488384194929447846	1	5.9561340569816428898	3.2245749076021722563	1.7957101401958424805
chr1	35500000	36500000	8	0.20352754628176608631	1	6.00993627797463727	3.2315259737664217055	1.7976445626893047473
chr1	35600000	36600000	8	0.20352754628176608631	1	6.00993627797463727	3.2315259737664217055	1.7976445626893047473
chr1	35700000	36700000	8	0.38310703989202071762	1	6.9345418592015049134	3.7286838145753522947	1.9309800140279423138
chr1	35800000	36800000	7	0.49133392116990187715	1	6.4722390685880713383	3.480104894170886624	1.8655039249947684374
chr1	35900000	36900000	6	0.60838586575438846626	1	6.0099362779746388244	3.2315259737664222034	1.7976445626893048857
chr1	36000000	37000000	5	0.85500634346894210935	1	6.47223906858807154	3.4801049002885702927	1.8655039266344550615
chr1	36100000	37100000	7	0.49133392116785451487	1	6.4722390685880725665	3.4801049002885708428	1.865503926634455209
chr1	36200000	37200000	6	0.69617482405364894404	1	6.4722390685880736355	3.4801049002887765242	1.8655039266345103366
chr1	36300000	37300000	5	0.7982808007588372279	1	6.009936277974638926	3.2315259793023126274	1.7976445642290671214
chr1	36400000	37400000	5	0.6346895882947883871	1	5.0853306967477719565	2.7343681305670083973	1.6535924922927681209
chr1	36500000	37500000	3	0.9134114342125191355	1	4.6230279061343381225	2.4857892101625428997	1.5766385794349137705
chr1	36600000	37600000	3	0.91341143421251902446	1	4.6230279061343381225	2.4857892101625428997	1.5766385794349137705
chr1	36700000	37700000	4	0.75933888482692424304	1	4.6230279061343383168	2.4857892101625433444	1.5766385794349139116
chr1	36800000	37800000	5	0.6346895882947883871	1	5.0853306967477722236	2.7343681305670086731	1.6535924922927682043
chr1	36900000	37900000	4	0.759338884826924132	1	4.6230279061343381225	2.4857892101625428958	1.5766385794349137694
chr1	37000000	38000000	4	0.5516410454594637969	1	3.6984223249074713973	1.9886313632359293312	1.4101884140908013187
chr1	37100000	38100000	3	0.70707163774628212227	1	3.2361195342940368355	1.7400524428312582291	1.3191104740814008976
chr1	37200000	38200000	3	0.5831857223701188975	1	2.773816743680603325	1.4914735224267928071	1.2212589907250602538
chr1	37300000	38300000	4	0.2759845362415940806	1	2.7738167436806036026	1.4914735224267930481	1.2212589907250603525
chr1	37400000	38400000	5	0.284368089021026893	1	3.6984223249074707415	1.9886337598553701983	1.4101892638420454938
chr1	37500000	38500000	5	0.16946975717733173128	1	3.2361195342940370714	1.7400548394509050627	1.3191113825037312074
chr1	37600000	38600000	5	0.284368089021026893	1	3.6984223249074707415	1.9886337598553701983	1.4101892638420454938
chr1	37700000	38700000	4	0.41800455769461947186	1	3.2361195342940369604	1.7400548394509050596	1.3191113825037312063
chr1	37800000	38800000	3	0.7070714711416340448	1	3.2361195342940369604	1.7400548394509049506	1.319111382503731165
chr1	37900000	38900000	3	0.7070714711416340448	1	3.2361195342940369604	1.7400548394509049506	1.319111382503731165
chr1	38000000	39000000	3	0.7070714711416340448	1	3.2361195342940369604	1.7400548394509049506	1.319111382503731165
chr1	38100000	39100000	2	0.8511611811877178857	1	2.7738167436806028393	1.4914759190464392519	1.2212599719332650149
chr1	38200000	39200000	2	0.9087971629333331247	1	3.2361195342940371825	1.740054839450904983	1.3191113825037311773
chr1	38300000	39300000	4	0.6666105352947995222	1	4.1607251155209047707	2.2372126802598370568	1.4957314866846378777
chr1	38400000	39400000	4	0.5516410454594677937	1	3.6984223249074712342	1.988631363235725258	1.410188414090728962
chr1	38500000	39500000	4	0.5516410454594677937	1	3.6984223249074712342	1.988631363235725258	1.410188414090728962
chr1	38600000	39600000	5	0.28436795827766814249	1	3.6984223249074711787	1.9886313632357251779	1.4101884140907289336
chr1	38700000	39700000	6	0.10053052426758103677	1	3.6984223249074711024	1.9886313632357249464	1.4101884140907288515
chr1	38800000	39800000	6	0.041257928130921869836	1	3.2361195342940372172	1.7400524428312595691	1.3191104740814014054
chr1	38900000	39900000	7	0.021500396085368807253	1	3.6984223249074717338	1.9886313632357253872	1.4101884140907290077
chr1	39000000	40000000	9	0.0056324527234647842056	1	4.6230279061343387374	2.48578920404465595	1.5766385774947459245
chr1	39100000	40100000	9	0.018181961127823650926	1	5.0853306967477722848	2.734368124449121174	1.6535924904428905799
chr1	39200000	40200000	9	0.018181961127823650926	1	5.085330696747772021	2.73436812444912091	1.6535924904428905001
chr1	39300000	40300000	6	0.1005305242675809535	1	3.6984223249074707866	1.9886313632357238744	1.4101884140907284714
chr1	39400000	40400000	5	0.1694695620213635956	1	3.2361195342940372519	1.7400524428312582544	1.3191104740814009071
chr1	39500000	40500000	6	0.1005305242675809535	1	3.6984223249074710989	1.9886313632357237551	1.4101884140907284291
chr1	39600000	40600000	5	0.28436795827766808697	1	3.6984223249074712828	1.9886313632357238136	1.4101884140907284498
chr1	39700000	40700000	5	0.4079290523376816746	1	4.1607251155209048574	2.237210283640189345	1.4957306855313858089
chr1	39800000	40800000	5	0.4079290523376816746	1	4.1607251155209048574	2.237210283640189345	1.4957306855313858089
chr1	39900000	40900000	4	0.66661063995689673334	1	4.1607251155209044133	2.2372102836401891568	1.4957306855313857459
chr1	40000000	41000000	2	0.9806112071872757907	1	4.6230279061343392006	2.4857892040446554179	1.5766385774947457558
chr1	40100000	41100000	3	0.91341143450790129865	1	4.623027906134339256	2.4857892040446554894	1.5766385774947457785
chr1	40200000	41200000	4	0.83056705467253288955	1	5.085330696747773377	2.7343681244491212109	1.6535924904428905911
chr1	40300000	41300000	5	0.79828080133441670085	1	6.009936277974641114	3.2315259652580519442	1.7976445603227719121
chr1	40400000	41400000	6	0.69617482448766232483	1	6.4722390685880747865	3.4801048856625173193	1.8655039227143204588
chr1	40500000	41500000	5	0.85500634402705788517	1	6.4722390685880744534	3.480104885662517145	1.865503922714320412
chr1	40600000	41600000	6	0.7696030792080968963	1	6.9345418592015070644	3.7286838060669819507	1.9309800118248199906
chr1	40700000	41700000	5	0.79828080133441658983	1	6.009936277974639674	3.2315259652580510775	1.7976445603227716711
chr1	40800000	41800000	5	0.79828080133441658983	1	6.009936277974639674	3.2315259652580510775	1.7976445603227716711
chr1	40900000	41900000	5	0.89770797643653810205	1	6.9345418592015065093	3.7286838060669816658	1.9309800118248199168
chr1	41000000	42000000	6	0.60838586592412813303	1	6.009936277974638755	3.2315259652580504283	1.7976445603227714905
chr1	41100000	42100000	7	0.49133392117274943267	1	6.4722390685880720803	3.480104885662515247	1.8655039227143199033
chr1	41200000	42200000	6	0.50791300953294515885	1	5.5476334873612052952	2.9829470448535849916	1.7271210278534579267
chr1	41300000	42300000	5	0.52751827217435820483	1	4.6230279061343381285	2.4857892040446545213	1.5766385774947454714
chr1	41400000	42400000	5	0.5275182721743580938	1	4.6230279061343381285	2.4857892040446545213	1.5766385774947454714
chr1	41500000	42500000	5	0.72524428771507476466	1	5.5476334873612050316	2.9829470448535852457	1.7271210278534580003
chr1	41600000	42600000	4	0.8305670546725326675	1	5.0853306967477716507	2.7343681244491195232	1.6535924904428900808
chr1	41700000	42700000	5	0.85500634402600550477	1	6.47223906858807362	3.4801048856900955793	1.865503922721712097
chr1	41800000	42800000	6	0.82882633068713595925	1	7.396844649814940652	3.9772627264990260349	1.9943075807154286688
chr1	41900000	42900000	6	0.6083858659235780175	1	6.009936277974639229	3.2315259652856301153	1.7976445603304425528
chr1	42000000	43000000	5	0.7252442877140027333	1	5.54763348736120637	2.982947044881164762	1.7271210278614422457
chr1	42100000	43100000	3	0.9444780769451865954	1	5.085330696747772511	2.7343681244766996573	1.65359249045122954
chr1	42200000	43200000	5	0.79828080133328627177	1	6.0099362779746400027	3.2315259652856300836	1.7976445603304425441
chr1	42300000	43300000	5	0.79828080133328627177	1	6.0099362779746400027	3.2315259652856300836	1.7976445603304425441
chr1	42400000	43400000	6	0.69617482401085595267	1	6.472239068588074117	3.4801049017309039367	1.8655039270210352298
chr1	42500000	43500000	7	0.28991237624498361614	1	5.547633487361205931	2.9829470609219726975	1.7271210325052418565
chr1	42600000	43600000	8	0.12925535932259885064	1	5.547633487361206042	2.9829470609219729392	1.7271210325052419265
chr1	42700000	43700000	7	0.058036245620144449875	1	4.1607251155209041982	2.2372102996809971082	1.4957306908935836595
chr1	42800000	43800000	6	0.04125792894649550624	1	3.2361195342940369674	1.7400524588720664247	1.3191104801615619128
chr1	42900000	43900000	6	0.28834132425485109463	1	4.623027906134338753	2.4858249622321351847	1.5766499174617474938
chr1	43000000	44000000	8	0.12925691721610141349	1	5.5476334873612067056	2.9829828030410664983	1.7271313797858767694
chr1	43100000	44100000	9	0.042925045140788736786	1	5.5476334873612054566	2.982982803041065979	1.727131379785876619
chr1	43200000	44200000	7	0.11697379057505759292	1	4.623027906134338309	2.4858249622321350657	1.5766499174617474561
chr1	43300000	44300000	7	0.11697379057505759292	1	4.623027906134338309	2.4858249622321350657	1.5766499174617474561
chr1	43400000	44400000	5	0.28436990812745588375	1	3.6984223249074707554	1.9886671053823963625	1.4102010868604506796
chr1	43500000	44500000	5	0.28436990812745588375	1	3.698422324907471255	1.9886671053823966835	1.4102010868604507934
chr1	43600000	44600000	4	0.41800533443410431422	1	3.2361195342940375155	1.7400881849779310717	1.319124021833402544
chr1	43700000	44700000	4	0.66660907907174205	1	4.160725115520905083	2.2372460257868616994	1.4957426335392267943
chr1	43800000	44800000	4	0.7593370253773964462	1	4.623027906134338937	2.48582494619132735	1.5766499123747565001
chr1	43900000	44900000	4	0.41800450186856785706	1	3.2361195342940373074	1.7400524428312583742	1.3191104740814009526
chr1	44000000	45000000	2	0.90879734060942785057	1	3.2361195342940374184	1.740052442831258459	1.3191104740814009847
chr1	44100000	45100000	1	0.99301281471132019085	1	3.6984223249074704883	1.9886313632357236001	1.4101884140907283741
chr1	44200000	45200000	1	0.99301281471132019085	1	3.6984223249074705993	1.9886313632357236272	1.4101884140907283838
chr1	44300000	45300000	2	0.9886407916853001687	1	5.085330696747771415	2.7343681244491195772	1.6535924904428900971
chr1	44400000	45400000	2	0.9886407916853001687	1	5.085330696747771415	2.7343681244491195772	1.6535924904428900971
chr1	44500000	45500000	1	0.99797987694453604846	1	4.6230279061343382396	2.4857892040446547854	1.5766385774947455551
chr1	44600000	45600000	1	0.9994159454786601948	1	5.547633487361204726	2.9829470448643016984	1.7271210278565604038
chr1	44700000	45700000	2	0.9933900253800515001	1	5.547633487361205392	2.9829470448643017682	1.727121027856560424
chr1	44800000	45800000	2	0.99339002538005161114	1	5.547633487361204726	2.9829470448643016984	1.7271210278565604038
chr1	44900000	45900000	3	0.9780681271533319121	1	6.0099362779746387975	3.2315259652687667701	1.7976445603257521525
chr1	45000000	46000000	4	0.8832284381507959914	1	5.547633487361205614	2.9829470448643017847	1.7271210278565604288
chr1	45100000	46100000	4	0.7593388851446980503	1	4.623027906134338452	2.4857892040553710984	1.5766385774981440237
chr1	45200000	46200000	4	0.7593388851446980503	1	4.623027906134338341	2.48578920405537094	1.5766385774981439735
chr1	45300000	46300000	3	0.7070716377455371626	1	3.2361195342940373906	1.740052442841975179	1.3191104740854630857
chr1	45400000	46400000	4	0.82999671149533393866	1	5.085330696747772687	2.7457072428091759664	1.6570175746832548205
chr1	45500000	46500000	4	0.82999671149533393866	1	5.085330696747772687	2.7457072428091759664	1.6570175746832548205
chr1	45600000	46600000	4	0.75874887783505085004	1	4.6230279061343386984	2.4971283223939939743	1.5802304649619921735
chr1	45700000	46700000	3	0.9128639623801384495	1	4.623027906134338865	2.4971283223939941128	1.5802304649619922174
chr1	45800000	46800000	3	0.8664893788462068036	1	4.1607251155209050725	2.2485494019895285688	1.4995163893700957375
chr1	45900000	46900000	2	0.94438330896806610415	1	3.6984223249074711752	1.9999704815850630312	1.4142031259989008493
chr1	46000000	47000000	1	0.9928757972269346421	1	3.6984223249074710642	1.9999704815850630042	1.4142031259989008398
chr1	46100000	47100000	1	0.9928757972269346421	1	3.6984223249074710642	1.9999704815850630042	1.4142031259989008398
chr1	46200000	47200000	1	0.9928757972269346421	1	3.6984223249074710642	1.9999704815850630042	1.4142031259989008398
chr1	46300000	47300000	3	0.9128639623801385605	1	4.6230279061343383653	2.497128322393993795	1.5802304649619921168
chr1	46400000	47400000	4	0.5516410454594677937	1	3.6984223249074707311	1.9886313632357237569	1.4101884140907284298
chr1	46500000	47500000	4	0.5516410454594677937	1	3.6984223249074707311	1.9886313632357237569	1.4101884140907284298
chr1	46600000	47600000	4	0.41800450186856791257	1	3.2361195342940375017	1.7400524428312582677	1.3191104740814009121
chr1	46700000	47700000	4	0.14392139443265861143	1	2.3115139530671698076	1.2428946020223275016	1.1148518296268466463
chr1	46800000	47800000	4	0.14392139443265861143	1	2.3115139530671698076	1.2428946020223275016	1.1148518296268466463
chr1	46900000	47900000	5	0.0778898235281909046	1	2.773816743680603554	1.4914735224267929579	1.2212589907250603156
chr1	47000000	48000000	6	0.0097624560102141690054	1	2.77381674368060311	1.491473522426792808	1.2212589907250602542
chr1	47100000	48100000	6	0.041257928130921814325	1	3.2361195342940373074	1.7400524428312583742	1.3191104740814009526
chr1	47200000	48200000	6	0.041257928130921814325	1	3.2361195342940373074	1.7400524428312583742	1.3191104740814009526
chr1	47300000	48300000	5	0.0778898235281909046	1	2.7738167436806030544	1.491473522426792697	1.2212589907250602087
chr1	47400000	48400000	3	0.25818688838193776247	1	1.8492111624537355408	0.9943156816178619128	0.9971537903542571967
chr1	47500000	48500000	3	0.42958512930585646128	1	2.3115139530671691137	1.242894602022327243	1.1148518296268465303
chr1	47600000	48600000	4	0.27598453624159396957	1	2.7738167436806026103	1.4914735224267924596	1.2212589907250601116
chr1	47700000	48700000	4	0.27598453624159396957	1	2.7738167436806026103	1.4914735224267924596	1.2212589907250601116
chr1	47800000	48800000	5	0.1694695620213635956	1	3.236119534294036447	1.7400524428312581512	1.319110474081400868
chr1	47900000	48900000	5	0.28436795827766803146	1	3.6984223249074703772	1.9886313632357234402	1.4101884140907283174
chr1	48000000	49000000	5	0.28436795827766792044	1	3.6984223249074695446	1.9886313632357231238	1.4101884140907282053
chr1	48100000	49100000	5	0.16946956202136354008	1	3.2361195342940361833	1.7400524428312576645	1.3191104740814006835
chr1	48200000	49200000	5	0.16946956202136354008	1	3.2361195342940361833	1.7400524428312576645	1.3191104740814006835
chr1	48300000	49300000	4	0.27598453624159402509	1	2.7738167436806024438	1.4914735224267923367	1.2212589907250600613
chr1	48400000	49400000	5	0.28436795827766792044	1	3.6984223249074697666	1.9886313632357231044	1.4101884140907281984
chr1	48500000	49500000	7	0.0580362448865428468	1	4.160725115520903872	2.237210283640188746	1.4957306855313856086
chr1	48600000	49600000	6	0.1005305242675809535	1	3.6984223249074705438	1.9886313632357236759	1.410188414090728401
chr1	48700000	49700000	6	0.18551908302965713915	1	4.1607251155209040803	2.2372102836401889876	1.4957306855313856894
chr1	48800000	49800000	5	0.28436795827766808697	1	3.6984223249074707832	1.9886313632357237631	1.4101884140907284319
chr1	48900000	49900000	5	0.16946956202136362335	1	3.2361195342940368633	1.7400524428312582906	1.3191104740814009208
chr1	49000000	50000000	4	0.27598453624159402509	1	2.7738167436806033805	1.4914735224267929817	1.2212589907250603254
chr1	49100000	50100000	5	0.1694695620213635956	1	3.2361195342940372796	1.7400524428312582353	1.3191104740814008999
chr1	49200000	50200000	6	0.28833983250100503337	1	4.6230279061343388363	2.4857892040446544944	1.5766385774947454629
chr1	49300000	50300000	6	0.28833983250100503337	1	4.6230279061343391416	2.4857892040446546169	1.5766385774947455018
chr1	49400000	50400000	7	0.11697191671542525593	1	4.6230279061343378926	2.4857892040446543172	1.5766385774947454067
chr1	49500000	50500000	5	0.40792905234907400613	1	4.1607251155209044845	2.237210284202330952	1.4957306857193011911
chr1	49600000	50600000	5	0.40792905234907400613	1	4.1607251155209044845	2.237210284202330952	1.4957306857193011911
chr1	49700000	50700000	5	0.28436795830833466736	1	3.6984223249074707346	1.9886313637978653919	1.4101884142900428013
chr1	49800000	50800000	6	0.18551908306347655864	1	4.1607251155209044984	2.2372102842023311102	1.4957306857193012439
chr1	49900000	50900000	6	0.18551908306347655864	1	4.1607251155209047065	2.2372102842023309731	1.4957306857193011982
chr1	50000000	51000000	6	0.2883398325244562188	1	4.6230279061343375474	2.4857892046067959204	1.5766385776730175901
chr1	50100000	51100000	5	0.6346895884561898349	1	5.0853306967477714486	2.7343681250112611893	1.6535924906128659573
chr1	50200000	51200000	4	0.5516410454484425019	1	3.6984223249074708456	1.9886313637978656351	1.4101884142900428875
chr1	50300000	51300000	4	0.6666106399323474818	1	4.1607251155209042763	2.2372102842023310891	1.4957306857193012369
chr1	50400000	51400000	3	0.8003299931183706084	1	3.6984223249074707311	1.9886313632357237988	1.4101884140907284446
chr1	50500000	51500000	4	0.66661063995689373574	1	4.160725115520903697	2.2372102836402535874	1.4957306855314072841
chr1	50600000	51600000	4	0.66661063995689373574	1	4.160725115520903697	2.2372102836402535874	1.4957306855314072841
chr1	50700000	51700000	5	0.5275182721743574277	1	4.623027906134337504	2.4857892040447187054	1.5766385774947658261
chr1	50800000	51800000	4	0.6666106399568936247	1	4.160725115520903128	2.2372102836402532216	1.4957306855314071618
chr1	50900000	51900000	3	0.8003299931183656124	1	3.6984223249074698742	1.9886313632357879161	1.4101884140907511782
chr1	51000000	52000000	5	0.63468958847238565735	1	5.085330696747771299	2.7343681244537686795	1.6535924904442958552
chr1	51100000	52100000	5	0.52751827217431490613	1	4.623027906134337471	2.485789204049303198	1.5766385774962197081
chr1	51200000	52200000	5	0.7252442877148939093	1	5.5476334873612049574	2.982947044858233934	1.7271210278548037914
chr1	51300000	52300000	6	0.6083858659240353184	1	6.0099362779746378577	3.2315259652626990227	1.7976445603240644587
chr1	51400000	52400000	5	0.85500634402688013846	1	6.4722390685880715642	3.4801048856671643577	1.865503922715565977
chr1	51500000	52500000	4	0.92098294340303266114	1	6.0099362779746384796	3.2315259652626344457	1.7976445603240464972
chr1	51600000	52600000	4	0.92098294340303266114	1	6.0099362779746384796	3.2315259652626344457	1.7976445603240464972
chr1	51700000	52700000	3	0.978068127153435829	1	6.0099362779746390933	3.2315259652626350546	1.7976445603240466665
chr1	51800000	52800000	3	0.978068127153435829	1	6.0099362779746390933	3.2315259652626350546	1.7976445603240466665
chr1	51900000	52900000	3	0.978068127153435829	1	6.0099362779746390933	3.2315259652626350546	1.7976445603240466665
chr1	52000000	53000000	2	0.9806112071872756797	1	4.6230279061343378926	2.4857892040446543172	1.5766385774947454067
chr1	52100000	53100000	2	0.9671712526514008035	1	4.160725115520904011	2.23721028364018886	1.4957306855313856467
chr1	52200000	53200000	3	0.80032999311837071943	1	3.6984223249074704883	1.9886313632357236001	1.4101884140907283741
chr1	52300000	53300000	3	0.8003299931183706084	1	3.6984223249074707103	1.9886313632357236472	1.4101884140907283908
chr1	52400000	53400000	3	0.5831857223701188975	1	2.7738167436806030544	1.4914735224267926333	1.2212589907250601827
chr1	52500000	53500000	4	0.5516410454594677937	1	3.6984223249074712654	1.9886313632357237734	1.4101884140907284356
chr1	52600000	53600000	4	0.5516410454594677937	1	3.6984223249074712654	1.9886313632357237734	1.4101884140907284356
chr1	52700000	53700000	5	0.4079290523376816746	1	4.16072511552090501	2.237210283640189256	1.4957306855313857791
chr1	52800000	53800000	5	0.4079290523376816746	1	4.16072511552090501	2.237210283640189256	1.4957306855313857791
chr1	52900000	53900000	6	0.3989126926165629805	1	5.085330696747772747	2.7343681244491202687	1.6535924904428903062
chr1	53000000	54000000	6	0.5079130095329452699	1	5.5476334873612061773	2.9829470448535852028	1.7271210278534579878
chr1	53100000	54100000	6	0.5079130095329452699	1	5.5476334873612061773	2.9829470448535852028	1.7271210278534579878
chr1	53200000	54200000	5	0.6346895884725208825	1	5.0853306967477720254	2.7343681244491198008	1.6535924904428901647
chr1	53300000	54300000	4	0.75933888514525582636	1	4.6230279061343389057	2.4857892040446548673	1.5766385774947455811
chr1	53400000	54400000	5	0.7252442877150748757	1	5.547633487361205806	2.9829470448535878207	1.7271210278534587458
chr1	53500000	54500000	4	0.7593388851452556043	1	4.6230279061343386273	2.4857892040446568443	1.5766385774947462081
chr1	53600000	54600000	6	0.6052719460964024467	1	6.0099362779746391986	3.387614403342365307	1.8405473108133801262
chr1	53700000	54700000	5	0.63015501971865828246	1	5.085330696747771321	2.8904565625334347292	1.7001342777949730901
chr1	53800000	54800000	5	0.63015501971865828246	1	5.085330696747771321	2.8904565625334347292	1.7001342777949730901
chr1	53900000	54900000	4	0.65979414602725172667	1	4.160725115520904077	2.393298721724503996	1.5470289983463477393
chr1	54000000	55000000	4	0.54857972327272963575	1	3.6984223249074703946	2.1447198013200385219	1.4644861902114469996
chr1	54100000	55100000	4	0.54857972327272963575	1	3.6984223249074703946	2.1447198013200385219	1.4644861902114469996
chr1	54200000	55200000	4	0.54857972327272963575	1	3.6984223249074703946	2.1447198013200385219	1.4644861902114469996
chr1	54300000	55300000	4	0.42164037341749388554	1	3.2361195342940367176	1.8961408809155731154	1.3770043140511844872
chr1	54400000	55400000	3	0.5766866657760374437	1	2.7738167436806031169	1.6475619605111053082	1.2835739014607243518
chr1	54500000	55500000	3	0.5766866657760374437	1	2.7738167436806030058	1.6475619605111051682	1.2835739014607242972
chr1	54600000	55600000	1	0.84454190283170604836	1	1.3869083718403017458	0.74573676121339643676	0.86356051392672907274
chr1	54700000	55700000	1	0.84454190283170604836	1	1.3869083718403017458	0.74573676121339643676	0.86356051392672907274
chr1	54800000	55800000	1	0.84454190283170604836	1	1.3869083718403017458	0.74573676121339643676	0.86356051392672907274
chr1	54900000	55900000	4	0.2761171365757933982	1	2.7738167436806032418	1.4931494631851570798	1.2219449509634863579
chr1	55000000	56000000	4	0.2761171365757933982	1	2.7738167436806033528	1.4931494631851571295	1.2219449509634863782
chr1	55100000	56100000	4	0.41804354066859561456	1	3.2361195342940368216	1.7417283835896223669	1.3197455753248890385
chr1	55200000	56200000	4	0.41804354066859561456	1	3.2361195342940369327	1.741728383589622526	1.3197455753248890988
chr1	55300000	56300000	5	0.40796301711735838413	1	4.1607251155209047447	2.2388862243985531383	1.4962908221327006249
chr1	55400000	56400000	6	0.18561991039597416919	1	4.1607251155209040785	2.2388862243985530231	1.4962908221327005865
chr1	55500000	56500000	6	0.10063943305311563725	1	3.6984223249074707936	1.9903073039940879565	1.4107825147747217371
chr1	55600000	56600000	8	0.032828056428398748323	1	4.6230279061343380765	2.4874651448030188569	1.5771699796797486777
chr1	55700000	56700000	9	0.082894716885248451166	1	6.0099362779746389974	3.2332019060164147407	1.7981106489914392198
chr1	55800000	56800000	9	0.082894716885248451166	1	6.009936277974638359	3.2332019060164142673	1.7981106489914390882
chr1	55900000	56900000	6	0.28833983250100497786	1	4.6230279061343376844	2.4857892040446542645	1.57663857749474539
chr1	56000000	57000000	5	0.4079290523376815636	1	4.160725115520904011	2.23721028364018886	1.4957306855313856467
chr1	56100000	57100000	5	0.4079290523376815636	1	4.1607251155209043023	2.2372102836401889891	1.4957306855313856899
chr1	56200000	57200000	5	0.4079290523376815636	1	4.160725115520904011	2.23721028364018886	1.4957306855313856467
chr1	56300000	57300000	5	0.40792905262595952065	1	4.1607251155209043214	2.2372102978648291496	1.495730690286466359
chr1	56400000	57400000	5	0.40792905262595957616	1	4.1607251155209040994	2.2372102978648291483	1.4957306902864663585
chr1	56500000	57500000	5	0.5275182720421818239	1	4.62302790613433868	2.4857892182692950267	1.5766385820058111931
chr1	56600000	57600000	3	0.91306372255069945254	1	4.6230279061343383766	2.4929909351321673963	1.5789208134457431986
chr1	56700000	57700000	2	0.908263432172283669	1	3.2361195342940374184	1.7472541739187715488	1.321837423406816527
chr1	56800000	57800000	2	0.908263432172283669	1	3.2361195342940374184	1.7472541739187715488	1.321837423406816527
chr1	56900000	57900000	3	0.866744663704133278	1	4.1607251155209050986	2.2444158389275788643	1.4981374566199120517
chr1	57000000	58000000	4	0.75896396015893408116	1	4.6230279061343384	2.492994759332043918	1.5789220244622734117
chr1	57100000	58100000	5	0.5274513179577831057	1	4.623027906134338178	2.4929947593320438439	1.5789220244622733882
chr1	57200000	58200000	5	0.72496417937226298456	1	5.5476334873612058503	2.990152600140974633	1.7292057714861394231
chr1	57300000	58300000	4	0.83020462580622411686	1	5.085330696747771286	2.7415736655118688504	1.6557698105448923937
chr1	57400000	58400000	3	0.91306353882859281335	1	4.623027906134337787	2.4929947451074035774	1.578922019957731661
chr1	57500000	58500000	4	0.75896396089531981133	1	4.623027906134338009	2.492994745107403599	1.5789220199577316678
chr1	57600000	58600000	4	0.6666104729513478988	1	4.1607251155209043544	2.237214107840065583	1.4957319639026457548
chr1	57700000	58700000	4	0.7593386861610120775	1	4.623027906134338054	2.4857930282445308313	1.5766397902642603392
chr1	57800000	58800000	6	0.6083857896324134096	1	6.0099362779746383118	3.2315297894588185595	1.7976456239923425351
chr1	57900000	58900000	5	0.63468958847249479227	1	5.0853306967477709716	2.7343681244500116167	1.6535924904431598248
chr1	58000000	59000000	4	0.83056705467248770347	1	5.08533069674777093	2.7343681244500113536	1.6535924904431597454
chr1	58100000	59100000	4	0.8832008225957997949	1	5.54763348736120459	2.9835828149191001059	1.7273050729153492837
chr1	58200000	59200000	4	0.75930580417939641524	1	4.6230279061343381008	2.4864249741101697893	1.5768401866106056943
chr1	58300000	59300000	5	0.6346711185390068177	1	5.0853306967477714486	2.7350038945146350263	1.653784718309682237
chr1	58400000	59400000	5	0.6346711185390068177	1	5.0853306967477714486	2.7350038945146350263	1.653784718309682237
chr1	58500000	59500000	4	0.83053507624986466773	1	5.085330696747772767	2.7350038945146355129	1.6537847183096823842
chr1	58600000	59600000	5	0.6346711185390068177	1	5.0853306967477712682	2.735003894514635159	1.6537847183096822772
chr1	58700000	59700000	5	0.5275123645545571893	1	4.6230279061343383263	2.486424974110169808	1.5768401866106057001
chr1	58800000	59800000	4	0.5516285762655390723	1	3.698422324907470856	1.9892671333003468781	1.4104138163320532639
chr1	58900000	59900000	5	0.52751198931481191323	1	4.6230279061343374034	2.4864653874960361368	1.5768530012325296446
chr1	59000000	60000000	6	0.3989249554417378385	1	5.085330696747771133	2.7350443079005013832	1.653796936718804478
chr1	59100000	60100000	5	0.4079298713593387249	1	4.1607251155209039797	2.2372506970269474852	1.4957441950503927947
chr1	59200000	60200000	6	0.28834151845966554673	1	4.6230279061343380964	2.4858296174314131932	1.5766513937555800712
chr1	59300000	60300000	5	0.2843701629587220836	1	3.6984223249074712307	1.9886717766224823632	1.4102027430913905166
chr1	59400000	60400000	6	0.28834151845966554673	1	4.6230279061343382075	2.4858296174314132253	1.5766513937555800814
chr1	59500000	60500000	6	0.1855215143658070498	1	4.160725115520904715	2.2372506970269475579	1.495744195050392819
chr1	59600000	60600000	5	0.4079298713593387804	1	4.1607251155209043682	2.2372506970269478517	1.4957441950503929172
chr1	59700000	60700000	5	0.4079298713593387804	1	4.1607251155209046597	2.2372506970269476058	1.495744195050392835
chr1	59800000	60800000	5	0.52751789665034909405	1	4.6230279061343386516	2.485829617431413214	1.5766513937555800778
chr1	59900000	60900000	5	0.52751827217435831585	1	4.623027906134338975	2.4857892040446547535	1.576638577494745545
chr1	60000000	61000000	4	0.75933888514525571534	1	4.6230279061343388363	2.4857892040446544944	1.5766385774947454629
chr1	60100000	61100000	4	0.75933888514525571534	1	4.6230279061343388363	2.4857892040446544944	1.5766385774947454629
chr1	60200000	61200000	4	0.88322843712231913216	1	5.5476334873612060646	2.9829470685420772223	1.7271210347112553253
chr1	60300000	61300000	4	0.88322843712231902114	1	5.5476334873612063144	2.982947068542077559	1.7271210347112554228
chr1	60400000	61400000	3	0.91341143336418018084	1	4.623027906134338722	2.4857892277331464768	1.5766385850070860411
chr1	60500000	61500000	3	0.9134114333641800698	1	4.62302790613433868	2.4857892277331463933	1.5766385850070860147
chr1	60600000	61600000	3	0.9134114333641800698	1	4.6230279061343386073	2.4857892277331461272	1.5766385850070859303
chr1	60700000	61700000	4	0.83056705348103176956	1	5.0853306967477720085	2.734368148137611514	1.6535924976056257839
chr1	60800000	61800000	3	0.86718966823613363726	1	4.1607251155209047273	2.2372103073286807378	1.4957306934500878717
chr1	60900000	61900000	2	0.9087973388532545327	1	3.2361195342940367523	1.740052466519749943	1.3191104830603651688
chr1	61000000	62000000	2	0.9087973388532546437	1	3.2361195342940370853	1.7400524665197502006	1.3191104830603652665
chr1	61100000	62100000	2	0.9087973388532546437	1	3.2361195342940370853	1.7400524665197502006	1.3191104830603652665
chr1	61200000	62200000	2	0.761836191127154172	1	2.3115139530671694051	1.2428946020223274992	1.1148518296268466451
chr1	61300000	62300000	2	0.85116142550567186476	1	2.773816743680603103	1.4914735224267928042	1.2212589907250602526
chr1	61400000	62400000	3	0.70707163774628201125	1	3.2361195342940366412	1.7400524428312583356	1.3191104740814009379
chr1	61500000	62500000	5	0.4079290523376816191	1	4.1607251155209040803	2.2372102836401889503	1.4957306855313856769
chr1	61600000	62600000	5	0.4079290523376816191	1	4.160725115520903997	2.2372102836401887558	1.4957306855313856119
chr1	61700000	62700000	5	0.52751827217435820483	1	4.6230279061343381285	2.4857892040446545213	1.5766385774947454714
chr1	61800000	62800000	5	0.52751827217435820483	1	4.6230279061343381285	2.4857892040446545213	1.5766385774947454714
chr1	61900000	62900000	6	0.3989126926165629805	1	5.0853306967477716924	2.73436812444911979	1.6535924904428901614
chr1	62000000	63000000	6	0.1855190830296571669	1	4.1607251155209040803	2.2372102836401889876	1.4957306855313856894
chr1	62100000	63100000	6	0.1855190830296571669	1	4.1607251155209040803	2.2372102836401889876	1.4957306855313856894
chr1	62200000	63200000	6	0.1855190830296571669	1	4.1607251155209044133	2.2372102836401891568	1.4957306855313857459
chr1	62300000	63300000	7	0.058036244886542819044	1	4.1607251155209047464	2.237210283640189177	1.4957306855313857527
chr1	62400000	63400000	7	0.11697191671542525593	1	4.623027906134338184	2.4857892040446545943	1.5766385774947454946
chr1	62500000	63500000	5	0.4079290523376816746	1	4.1607251155209055236	2.2372102836401894601	1.4957306855313858473
chr1	62600000	63600000	5	0.4079290523376816191	1	4.160725115520904233	2.2372102836401888237	1.4957306855313856346
chr1	62700000	63700000	4	0.41800450186856785706	1	3.23611953429403678	1.7400524428312581868	1.3191104740814008816
chr1	62800000	63800000	5	0.28436795827766803146	1	3.6984223249074704883	1.9886313632357236001	1.4101884140907283741
chr1	62900000	63900000	4	0.41800450186856785706	1	3.2361195342940368355	1.7400524428312582291	1.3191104740814008976
chr1	63000000	64000000	4	0.6666106398748228301	1	4.1607251155209046475	2.2372102855195699401	1.4957306861596341335
chr1	63100000	64100000	4	0.6666106398748228301	1	4.1607251155209046475	2.2372102855195699401	1.4957306861596341335
chr1	63200000	64200000	4	0.75933888504746593906	1	4.623027906134338081	2.4857892059240354228	1.5766385780907542613
chr1	63300000	64300000	5	0.7252442876357227952	1	5.547633487361204958	2.9829470468948461183	1.7271210284444012056
chr1	63400000	64400000	4	0.75933888503904301004	1	4.6230279061343386307	2.4857892060859156098	1.5766385781420913873
chr1	63500000	64500000	4	0.759338885039042788	1	4.62302790613433802	2.4857892060859157499	1.5766385781420914318
chr1	63600000	64600000	4	0.66661063986775326295	1	4.1607251155209041115	2.2372102856814504016	1.4957306862137483076
chr1	63700000	64700000	6	0.5079130095254216215	1	5.547633487361206429	2.9829470468986496417	1.7271210284455023223
chr1	63800000	64800000	6	0.60838586588332987937	1	6.009936277974640245	3.2315259673031154102	1.797644560891589439
chr1	63900000	64900000	6	0.60838586588332987937	1	6.009936277974640245	3.2315259673031154102	1.797644560891589439
chr1	64000000	65000000	6	0.50791300953233575743	1	5.547633487361206565	2.9829470450192688631	1.72712102790142326
chr1	64100000	65100000	7	0.49133392117269408805	1	6.4722390685880736567	3.4801048858281995425	1.8655039227587272866
chr1	64200000	65200000	6	0.50791300953235118953	1	5.547633487361206359	2.9829470450150933748	1.7271210279002144599
chr1	64300000	65300000	6	0.39891270111979315605	1	5.0853306967477721534	2.7343685933132385161	1.6535926322142459631
chr1	64400000	65400000	6	0.39891270111979315605	1	5.0853306967477721534	2.7343685933132385161	1.6535926322142459631
chr1	64500000	65500000	6	0.39891270111979315605	1	5.0853306967477723615	2.7343685933132388913	1.6535926322142460766
chr1	64600000	65600000	6	0.50791300780803483317	1	5.547633487361206726	2.9829475137177041179	1.7271211635891976753
chr1	64700000	65700000	5	0.63468957485152899256	1	5.0853306967477715454	2.7343685933094353312	1.6535926322130959867
chr1	64800000	65800000	4	0.66661061948143074396	1	4.160725115520904129	2.237210752500504574	1.4957308422642439361
chr1	64900000	65900000	4	0.66661061948143074396	1	4.160725115520904129	2.237210752500504574	1.4957308422642439361
chr1	65000000	66000000	4	0.5516410362638315412	1	3.698422324907470679	1.9886318320960393203	1.4101885803310276843
chr1	65100000	66100000	3	0.5831857028481749472	1	2.7738167436806032556	1.4914739912871086011	1.2212591826828196264
chr1	65200000	66200000	3	0.8003299595235094932	1	3.69842232490747079	1.9886318320960393003	1.4101885803310276773
chr1	65300000	66300000	2	0.90879734060942773954	1	3.2361195342940368355	1.7400524428312582291	1.3191104740814008976
chr1	65400000	66400000	5	0.5275178781603263589	1	4.623027906134337983	2.485831607302686301	1.5766520247989682207
chr1	65500000	66500000	7	0.19623914643469797525	1	5.085330696747771363	2.735281773327328173	1.6538687291702833854
chr1	65600000	66600000	8	0.07173791414304202252	1	5.08533069674777196	2.735281773327328395	1.6538687291702834524
chr1	65700000	66700000	9	0.01819887160069603299	1	5.085330696747771045	2.7352852193142700144	1.6538697709657402208
chr1	65800000	66800000	9	0.082867786870162635227	1	6.0099362779746381157	3.23244306012331576	1.7978996245962441826
chr1	65900000	66900000	9	0.082867786870162635227	1	6.0099362779746380047	3.2324430601233155936	1.7978996245962441363
chr1	66000000	67000000	11	0.059628245132009601026	1	7.3968446498149383775	3.978418439130114971	1.9945973125245393679
chr1	66100000	67100000	13	0.023599943044636140232	1	8.321450231041804147	4.4755783163223024058	2.1155562664042529327
chr1	66200000	67200000	13	0.0046330698285916632403	1	7.3968446498149377118	3.9784204755133722774	1.9945978229992562281
chr1	66300000	67300000	12	0.008261326596459539137	1	6.9345418592015041805	3.7298415551089066596	1.9312797713197605642
chr1	66400000	67400000	11	0.014538743420017236074	1	6.472239068588070244	3.4812202314464106637	1.8658028383102033066
chr1	66500000	67500000	11	0.014861331921378754736	1	6.4722390685880696296	3.5075728317072747962	1.8728515242024058529
chr1	66600000	67600000	10	0.025710108453449221494	1	6.009936277974636269	3.2589939113028100353	1.8052683765309827294
chr1	66700000	67700000	9	0.13965220848264847664	1	6.472239068588070578	3.50756938572033362	1.8728506042181617697
chr1	66800000	67800000	10	0.025710042292371174805	1	6.009936277974637194	3.2589904653157533328	1.8052674221055874725
chr1	66900000	67900000	10	0.05256974396087438217	1	6.4722390685880706036	3.5075693857202185767	1.8728506042181310562
chr1	67000000	68000000	8	0.07279708895287072268	1	5.0853306967477705115	2.7615940067134191688	1.6618044429816100263
chr1	67100000	68100000	7	0.19748792319908817228	1	5.0853306967477709655	2.7615919703301619755	1.6618038302790621428
chr1	67200000	68200000	7	0.19748792319908817228	1	5.0853306967477709655	2.7615919703301619755	1.6618038302790621428
chr1	67300000	68300000	7	0.2908354073258974659	1	5.5476334873612051487	3.0101708907346274777	1.734984406481691546
chr1	67400000	68400000	5	0.52726530629925660865	1	4.623027906134337924	2.5130130499256958377	1.585248576698839316
chr1	67500000	68500000	3	0.80032999311837071943	1	3.6984223249074704883	1.9886313632357236001	1.4101884140907283741
chr1	67600000	68600000	3	0.8003299931183706084	1	3.6984223249074707103	1.9886313632357236472	1.4101884140907283908
chr1	67700000	68700000	2	0.76183619112715406096	1	2.3115139530671688917	1.2428946020223271211	1.1148518296268464757
chr1	67800000	68800000	1	0.9164106149760626874	1	1.8492111624537353742	0.9943156816178617992	0.99715379035425713973
chr1	67900000	68900000	2	0.6289357663986351321	1	1.8492111624537357628	0.99431568161786191526	0.99715379035425719795
chr1	68000000	69000000	4	0.4177840412375034007	1	3.2354018871045287023	1.7399978826733135125	1.3190897932564384422
chr1	68100000	69100000	5	0.16946956702540313944	1	3.2361195342940375017	1.7400525042835391677	1.3191104973744766496
chr1	68200000	69200000	5	0.16946956702540313944	1	3.2361195342940375017	1.7400525042835391677	1.3191104973744766496
chr1	68300000	69300000	5	0.077889828654266829444	1	2.773816743680603894	1.4914735838790738975	1.2212590158844576152
chr1	68400000	69400000	6	0.1005305282609787465	1	3.6984223249074713903	1.9886314246880492247	1.4101884358794214792
chr1	68500000	69500000	8	0.12931311310767282241	1	5.5476334873612066978	2.9842720826237753096	1.7275045825188931492
chr1	68600000	69600000	8	0.12931311310767282241	1	5.5476334873612066978	2.9842720826237753096	1.7275045825188931492
chr1	68700000	69700000	9	0.2091358835457161891	1	6.9345418592015074196	3.7437525203326403797	1.9348779083788827991
chr1	68800000	69800000	10	0.21262713248047596104	1	7.8591474404283746384	4.2409103611415710443	2.0593470715597142987
chr1	68900000	69900000	11	0.15202607481192451089	1	8.321450231041807413	4.489489281546036355	2.1188414951444660517
chr1	69000000	70000000	10	0.2536142445240425758	1	8.109647442933374432	4.428660050939285494	2.104438179405440623
chr1	69100000	70100000	7	0.67055120027634118607	1	7.3968446498149400628	3.9923313792848242958	1.9980819250683452133
chr1	69200000	70200000	8	0.5664506852415173155	1	7.859147440428372645	4.240910299689289399	2.0593470566393828217
chr1	69300000	70300000	8	0.6482968311784736981	1	8.321450231041805725	4.489489220093754517	2.1188414806430788102
chr1	69400000	70400000	7	0.743490814781628262	1	7.859147440428373479	4.2409102996892451085	2.0593470566393720681
chr1	69500000	70500000	5	0.79771754120051796555	1	6.009936277974639859	3.245269641753520029	1.8014631946707987154
chr1	69600000	70600000	5	0.79771754120051796555	1	6.009936277974639859	3.245269641753520029	1.8014631946707987154
chr1	69700000	70700000	6	0.69617030331617069105	1	6.472239068588072417	3.4802572492785798692	1.8655447593876111203
chr1	69800000	70800000	5	0.7982745569825224763	1	6.009936277974639548	3.2316783288741151095	1.7976869385057330136
chr1	69900000	70900000	3	0.9648908269876144139	1	5.547633487361205519	2.9830994084696494317	1.7271651364214278372
chr1	70000000	71000000	4	0.8832218200260665286	1	5.547633487361205762	2.9830994084696495791	1.7271651364214278799
chr1	70100000	71100000	4	0.8305593909771556982	1	5.0853306967477723663	2.7345204880651843447	1.6536385602861298616
chr1	70200000	71200000	5	0.897702973842002816	1	6.9345418592015070493	3.7288362847788269448	1.9310194936299392379
chr1	70300000	71300000	5	0.8550005255947360494	1	6.47223906858807335	3.4802573643743620396	1.8655447902353784117
chr1	70400000	71400000	6	0.6961702999011375459	1	6.47223906858807335	3.48025736437436187	1.8655447902353783663
chr1	70500000	71500000	6	0.76959795647304962696	1	6.9345418592015070493	3.7288362847788269448	1.9310194936299392379
chr1	70600000	71600000	7	0.74390429654511669444	1	7.8591474404283746553	4.2259941255877580576	2.0557222880505426035
chr1	70700000	71700000	5	0.8550063396351197387	1	6.472239068588073434	3.4801050007582976088	1.8655039535627625168
chr1	70800000	71800000	5	0.7982807966174205738	1	6.009936277974639374	3.231526080353832251	1.7976445923357131305
chr1	70900000	71900000	5	0.72524428324083778374	1	5.547633487361206056	2.9829471599493670496	1.7271210611735840475
chr1	71000000	72000000	4	0.8305670488833617471	1	5.085330696747771787	2.7343682395449012948	1.6535925252446266712
chr1	71100000	72100000	4	0.9209829393893245175	1	6.009936277974638144	3.2315260803538318412	1.7976445923357130165
chr1	71200000	72200000	2	0.9449531231064466352	1	3.698422324907470065	1.9886313632357235175	1.4101884140907283449
chr1	71300000	72300000	2	0.94495312310644674625	1	3.6984223249074704883	1.9886313632357236001	1.4101884140907283741
chr1	71400000	72400000	1	0.98700535326071114905	1	3.2361195342940368355	1.7400524428312582291	1.3191104740814008976
chr1	71500000	72500000	1	0.98700535326071103803	1	3.2361195342940366135	1.7400524428312581968	1.3191104740814008854
chr1	71600000	72600000	1	0.9847715435373157744	1	3.2361195342940361694	1.8394526432517689178	1.3562642232440435933
chr1	71700000	72700000	2	0.93995805754806693866	1	3.6984223249074700199	2.0880315636562343405	1.445002271159541929
chr1	71800000	72800000	2	0.93995805754806693866	1	3.6984223249074700199	2.0880315636562343405	1.445002271159541929
chr1	71900000	72900000	3	0.86105082811783850705	1	4.160725115520903697	2.3366104840606996729	1.5285975546430458924
chr1	72000000	73000000	3	0.79320775263156939605	1	3.6984223249074700407	2.088031563656234492	1.4450022711595419814
chr1	72100000	73100000	3	0.5790469947620752178	1	2.7738167436806026728	1.5908737228473037298	1.2612984273546462049
chr1	72200000	73200000	3	0.5790469947620752178	1	2.7738167436806026728	1.5908737228473037298	1.2612984273546462049
chr1	72300000	73300000	5	0.28979056598406605083	1	3.6984223249074703946	2.088031667092488843	1.445002306950576755
chr1	72400000	73400000	6	0.40074160378680373507	1	5.085330696747770847	2.835315351307210291	1.6838394672020282264
chr1	72500000	73500000	6	0.29254623094304466058	1	4.6230279061343377035	2.5867364309027449667	1.6083334327504185059
chr1	72600000	73600000	5	0.40796040452432369428	1	4.1607251155209042538	2.2387573100777684275	1.4962477435497667034
chr1	72700000	73700000	4	0.551610704034695698	1	3.69842232490747113	1.9901783896733033465	1.4107368250929382138
chr1	72800000	73800000	5	0.5275038970985476139	1	4.623027906134338996	2.4873362304822343631	1.5771291102767187092
chr1	72900000	73900000	4	0.759258388865538536	1	4.6230279061343388294	2.487336230482234415	1.5771291102767187256
chr1	73000000	74000000	4	0.8304892412214437414	1	5.0853306967477726512	2.7359151508866999562	1.6540602017117454229
chr1	73100000	74100000	4	0.8304892412214437414	1	5.0853306967477726512	2.7359151508866999562	1.6540602017117454229
chr1	73200000	74200000	4	0.8831612409120638274	1	5.5476334873612059466	2.984494071291165111	1.7275688325769150409
chr1	73300000	74300000	2	0.9805794391849042002	1	4.6230279061343383246	2.4873361270459799469	1.5771290774841417357
chr1	73400000	74400000	1	0.9870053532607112601	1	3.2361195342940372796	1.7400524428312582353	1.3191104740814008999
chr1	73500000	74500000	2	0.94495312310644685727	1	3.6984223249074710989	1.9886313632357237594	1.4101884140907284306
chr1	73600000	74600000	2	0.90879734060942785057	1	3.2361195342940372796	1.7400524428312582353	1.3191104740814008999
chr1	73700000	74700000	2	0.9087973406094276285	1	3.2361195342940366135	1.7400524428312581968	1.3191104740814008854
chr1	73800000	74800000	1	0.98700535326071114905	1	3.2361195342940368355	1.7400524428312582291	1.3191104740814008976
chr1	73900000	74900000	1	0.97583278002481355085	1	2.7738167436806027213	1.491473522426792493	1.2212589907250601252
chr1	74000000	75000000	1	0.955054220938289844	1	2.3115139530671688917	1.2428946020223272322	1.1148518296268465254
chr1	74100000	75100000	2	0.8511614255056716427	1	2.7738167436806027213	1.491473522426792493	1.2212589907250601252
chr1	74200000	75200000	2	0.761836191127154172	1	2.3115139530671693635	1.2428946020223274491	1.1148518296268466227
chr1	74300000	75300000	2	0.85116142550567175373	1	2.773816743680603554	1.4914735224267929579	1.2212589907250603156
chr1	74400000	75400000	2	0.85116142550567175373	1	2.773816743680603554	1.4914735224267929579	1.2212589907250603156
chr1	74500000	75500000	1	0.955054220938289955	1	2.3115139530671693635	1.2428946020223274491	1.1148518296268466227
chr1	74600000	75600000	1	0.955054220938289955	1	2.3115139530671693635	1.2428946020223274491	1.1148518296268466227
chr1	74700000	75700000	1	0.9164106149760627984	1	1.8492111624537356518	0.99431568161786205637	0.9971537903542572687
chr1	74800000	75800000	3	0.42958512930585646128	1	2.3115139530671698492	1.2428946020223275518	1.1148518296268466688
chr1	74900000	75900000	3	0.5831857223701190085	1	2.7738167436806036026	1.4914735224267930481	1.2212589907250603525
chr1	75000000	76000000	3	0.5831857223701190085	1	2.7738167436806036026	1.4914735224267930481	1.2212589907250603525
chr1	75100000	76100000	3	0.70707163774628212227	1	3.2361195342940373351	1.7400524428312584356	1.3191104740814009758
chr1	75200000	76200000	3	0.8671896696991077125	1	4.1607251155209045244	2.2372102836401890642	1.495730685531385715
chr1	75300000	76300000	3	0.80032999311837083045	1	3.6984223249074710434	1.9886313632357236795	1.4101884140907284023
chr1	75400000	76400000	3	0.80032999311837083045	1	3.6984223249074710434	1.9886313632357236795	1.4101884140907284023
chr1	75500000	76500000	4	0.75933888514525571534	1	4.6230279061343385587	2.4857892040446543996	1.5766385774947454328
chr1	75600000	76600000	4	0.75933888514525571534	1	4.623027906134338406	2.4857892040446546021	1.576638577494745497
chr1	75700000	76700000	4	0.75933888514525571534	1	4.6230279061343385726	2.4857892040446545818	1.5766385774947454906
chr1	75800000	76800000	3	0.8003299931183706084	1	3.6984223249074699331	1.9886313632357231721	1.4101884140907282224
chr1	75900000	76900000	3	0.8003299931183706084	1	3.6984223249074699331	1.9886313632357231721	1.4101884140907282224
chr1	76000000	77000000	3	0.8003299931183706084	1	3.6984223249074699331	1.9886313632357231721	1.4101884140907282224
chr1	76100000	77100000	2	0.90879734060942773954	1	3.2361195342940369188	1.7400524428312583468	1.3191104740814009422
chr1	76200000	77200000	2	0.90879734060942773954	1	3.236119534294036558	1.7400524428312580907	1.3191104740814008451
chr1	76300000	77300000	2	0.90879734060942773954	1	3.236119534294036669	1.7400524428312581756	1.3191104740814008772
chr1	76400000	77400000	3	0.8671896696991073794	1	4.16072511552090378	2.2372102836401888005	1.4957306855313856268
chr1	76500000	77500000	2	0.9087973406094275175	1	3.2361195342940362804	1.7400524428312577666	1.3191104740814007223
chr1	76600000	77600000	2	0.9087973406094275175	1	3.2361195342940362804	1.7400524428312577666	1.3191104740814007223
chr1	76700000	77700000	2	0.9087973406094275175	1	3.2361195342940362804	1.7400524428312577666	1.3191104740814007223
chr1	76800000	77800000	2	0.94495312310644674625	1	3.6984223249074702107	1.9886313632357233797	1.410188414090728296
chr1	76900000	77900000	3	0.8003299931183706084	1	3.698422324907470509	1.9886313632357237519	1.410188414090728428
chr1	77000000	78000000	4	0.88127490708514322204	1	5.547633487361205796	3.0279215729044551663	1.7400924035534593318
chr1	77100000	78100000	5	0.7234959464815636787	1	5.547633487361205817	3.027921572904455297	1.7400924035534593693
chr1	77200000	78200000	5	0.633383020913618755	1	5.0853306967477725636	2.7793426524999898625	1.6671360629834596264
chr1	77300000	78300000	5	0.7234959464815635677	1	5.547633487361205817	3.027921572904455297	1.7400924035534593693
chr1	77400000	78400000	5	0.63338302091361886603	1	5.085330696747772883	2.7793426524999902984	1.6671360629834597572
chr1	77500000	78500000	6	0.5077475521419306803	1	5.54763348736120615	3.0279215729044555475	1.7400924035534594413
chr1	77600000	78600000	6	0.5077475521419305693	1	5.5476334873612064415	3.027921572904455802	1.7400924035534595145
chr1	77700000	78700000	7	0.39143810570297615792	1	6.0099362779746399663	3.2765004933089208266	1.8101106301298053055
chr1	77800000	78800000	7	0.39143810570297615792	1	6.0099362779746395248	3.2765004933089206215	1.8101106301298052489
chr1	77900000	78900000	6	0.5077475521419305693	1	5.5476334873612059627	3.0279215729044550028	1.7400924035534592847
chr1	78000000	79000000	5	0.40792905233768150808	1	4.160725115520904011	2.23721028364018886	1.4957306855313856467
chr1	78100000	79100000	4	0.6666106399568965113	1	4.1607251155209036917	2.2372102836401884882	1.4957306855313855224
chr1	78200000	79200000	5	0.40792905233768150808	1	4.1607251155209039137	2.2372102836401884895	1.4957306855313855228
chr1	78300000	79300000	5	0.28436795827766792044	1	3.6984223249074698221	1.9886313632357231345	1.410188414090728209
chr1	78400000	79400000	5	0.28436795827766792044	1	3.6984223249074698221	1.9886313632357231345	1.410188414090728209
chr1	78500000	79500000	4	0.6666106399568965113	1	4.1607251155209034835	2.2372102836401885875	1.4957306855313855556
chr1	78600000	79600000	5	0.5275182721743580938	1	4.623027906134337444	2.4857892040446539661	1.5766385774947452953
chr1	78700000	79700000	5	0.5275182721743580938	1	4.6230279061343371805	2.4857892040446536515	1.5766385774947451956
chr1	78800000	79800000	5	0.40792905233768145257	1	4.1607251155209036917	2.2372102836401884505	1.4957306855313855098
chr1	78900000	79900000	6	0.28833983250100492235	1	4.6230279061343369585	2.4857892040446536437	1.5766385774947451931
chr1	79000000	80000000	6	0.18551908302965708364	1	4.1607251155209039276	2.2372102836401886279	1.4957306855313855691
chr1	79100000	80100000	6	0.10053052426758089799	1	3.6984223249074705438	1.9886313632357234538	1.4101884140907283223
chr1	79200000	80200000	5	0.28436795827766803146	1	3.6984223249074705438	1.9886313632357234538	1.4101884140907283223
chr1	79300000	80300000	5	0.40792905233768150808	1	4.1607251155209041497	2.2372102836401886296	1.4957306855313855697
chr1	79400000	80400000	4	0.55164104545946768265	1	3.6984223249074702662	1.9886313632357235953	1.4101884140907283724
chr1	79500000	80500000	6	0.08984913932164960426	1	3.6151117498698053208	1.9754095589399968808	1.4054926392336591959
chr1	79600000	80600000	6	0.18551909367317806487	1	4.160725115520904547	2.2372104605555556281	1.4957307446714985634
chr1	79700000	80700000	5	0.40792905592306577534	1	4.160725115520904325	2.2372104605555556084	1.4957307446714985568
chr1	79800000	80800000	4	0.5516410419896723427	1	3.6984223249074706756	1.9886315401510902384	1.4101884768182904984
chr1	79900000	80900000	3	0.97788597596984472293	1	6.0099362779746406324	3.242275606482324414	1.8006320019599575067
chr1	80000000	81000000	5	0.89735529706919492376	1	6.934541859201507755	3.739433447291254745	1.9337614763179182604
chr1	80100000	81100000	7	0.80426924853787451486	1	8.321450231041808124	4.485170208504651243	2.1178220436346041687
chr1	80200000	81200000	7	0.7436104068389415289	1	7.8591474404283758457	4.2365912881001858716	2.0582981533539269712
chr1	80300000	81300000	7	0.7436104068389414179	1	7.8591474404283743886	4.236591288100185296	2.0582981533539268315
chr1	80400000	81400000	7	0.80426924853787451486	1	8.321450231041807694	4.4851702085046505266	2.1178220436346039993
chr1	80500000	81500000	8	0.7669399391427527135	1	9.1339351871989732734	4.961303745387950238	2.2273984253805941484
chr1	80600000	81600000	6	0.9364693771147025725	1	8.783753021655240272	4.7337489519937489134	2.1757180313620027802
chr1	80700000	81700000	6	0.9101503785909823563	1	8.321450231041806559	4.4851700315892832965	2.117822001866371039
chr1	80800000	81800000	6	0.9364693771147026835	1	8.783753021655240661	4.733748951993749177	2.1757180313620028407
chr1	80900000	81900000	8	0.47692001969125952243	1	7.396844649814939075	3.9772627264869375992	1.9943075807123979338
chr1	81000000	82000000	6	0.7696030792075763127	1	6.9345418592015060618	3.7286838060824728733	1.9309800118288311462
chr1	81100000	82100000	5	0.89770797643602640026	1	6.9345418592015057478	3.7286838060825711935	1.9309800118288566049
chr1	81200000	82200000	5	0.89770797643602640026	1	6.9345418592015057478	3.7286838060825711935	1.9309800118288566049
chr1	81300000	82300000	7	0.6708976600744788188	1	7.396844649814939049	3.9772627264870367596	1.9943075807124227947
chr1	81400000	82400000	7	0.74390852521676276154	1	7.8591474404283714773	4.2258416468915474986	2.0556852013116082892
chr1	81500000	82500000	6	0.7696030792075713167	1	6.9345418592015045205	3.7286838060826167037	1.9309800118288683891
chr1	81600000	82600000	6	0.60838586592381616036	1	6.0099362779746383304	3.2315259652736868289	1.7976445603271206263
chr1	81700000	82700000	6	0.69617482448719802957	1	6.4722390685880717004	3.4801048856781519481	1.865503922718510916
chr1	81800000	82800000	7	0.5860324424067927529	1	6.934541859201506342	3.7286838060826176771	1.9309800118288686411
chr1	81900000	82900000	5	0.72524428771506921354	1	5.5476334873612054353	2.9829470448537302664	1.7271210278534999836
chr1	82000000	83000000	6	0.50791300953294460374	1	5.547633487361205345	2.9829470448537301268	1.7271210278534999432
chr1	82100000	83100000	5	0.6346868366285359775	1	5.08533069674777203	2.7344628481268859704	1.6536211319788115149
chr1	82200000	83200000	5	0.6346868366285359775	1	5.08533069674777203	2.7344628481268859704	1.6536211319788115149
chr1	82300000	83300000	3	0.86718381967416446887	1	4.1607251155209045504	2.237305007317955263	1.4957623498798046905
chr1	82400000	83400000	4	0.5516391876684632045	1	3.6984223249074709358	1.9887260869134437648	1.4102219991595095538
chr1	82500000	83500000	4	0.55163918766846298247	1	3.698422324907470811	1.9887260869134436856	1.4102219991595095257
chr1	82600000	83600000	4	0.55163918766846298247	1	3.698422324907470811	1.9887260869134436856	1.4102219991595095257
chr1	82700000	83700000	6	0.18552478176268497045	1	4.1607251155209037455	2.2373050073179087582	1.495762349879789145
chr1	82800000	83800000	6	0.100536679760041144926	1	3.6984223249074704779	1.9887260869134434628	1.4102219991595094468
chr1	82900000	83900000	7	0.1169768805821552321	1	4.6230279061343376446	2.4858839277223739276	1.5766686169650152352
chr1	83000000	84000000	6	0.2883437841669656554	1	4.6230279061343372005	2.48588392772237392	1.5766686169650152329
chr1	83100000	84100000	6	0.28833983250100492235	1	4.623027906134337028	2.4857892040446535136	1.5766385774947451518
chr1	83200000	84200000	6	0.28833983250100492235	1	4.623027906134337028	2.4857892040446535136	1.5766385774947451518
chr1	83300000	84300000	6	0.28833983250100492235	1	4.623027906134337028	2.4857892040446535136	1.5766385774947451518
chr1	83400000	84400000	5	0.40792905233768150808	1	4.160725115520904011	2.23721028364018886	1.4957306855313856467
chr1	83500000	84500000	5	0.4079290523376815636	1	4.160725115520904011	2.237210283640188785	1.4957306855313856217
chr1	83600000	84600000	6	0.50790733371325080814	1	5.547633487361205408	2.9844898427268932739	1.7275676087282064093
chr1	83700000	84700000	4	0.7592586088841621894	1	4.6230279061343371345	2.4873320019179621602	1.5771277696870225867
chr1	83800000	84800000	3	0.8670943882842200301	1	4.1607251155209042607	2.2387530815134971114	1.4962463304929095502
chr1	83900000	84900000	2	0.9086829635528642646	1	3.236119534294036662	1.7415952407045661155	1.319695131727235749
chr1	84000000	85000000	2	0.8510041484758872343	1	2.7738167436806032279	1.493016320300101089	1.2218904698458455074
chr1	84100000	85100000	3	0.429628500740261543	1	2.311513953067169544	1.244437399895635613	1.1155435445986120774
chr1	84200000	85200000	3	0.429628500740261543	1	2.311513953067169544	1.244437399895635613	1.1155435445986120774
chr1	84300000	85300000	3	0.429628500740261543	1	2.311513953067169544	1.244437399895635613	1.1155435445986120774
chr1	84400000	85400000	3	0.5831214848723584865	1	2.773816743680603339	1.493016320300101092	1.2218904698458455086
chr1	84500000	85500000	2	0.76164679534848966913	1	2.311513953067169544	1.2444373998956356871	1.1155435445986121106
chr1	84600000	85600000	2	0.6289357663986351321	1	1.8492111624537355963	0.9943156816178618739	0.9971537903542571772
chr1	84700000	85700000	2	0.6289357663986351321	1	1.8492111624537355963	0.9943156816178618739	0.9971537903542571772
chr1	84800000	85800000	2	0.761836191127154172	1	2.3115139530671693358	1.2428946020223274014	1.1148518296268466013
chr1	84900000	85900000	3	0.70707163774628201125	1	3.2361195342940368355	1.7400524428312582291	1.3191104740814008976
chr1	85000000	86000000	4	0.55164104545946768265	1	3.6984223249074702107	1.9886313632357233797	1.410188414090728296
chr1	85100000	86100000	3	0.70707163774628201125	1	3.2361195342940368355	1.7400524428312582291	1.3191104740814008976
chr1	85200000	86200000	4	0.66661063994669889077	1	4.1607251155209039432	2.2372102838737043186	1.49573068560944631
chr1	85300000	86300000	5	0.52751827217218827393	1	4.6230279061343375908	2.4857892042781699552	1.576638577568800311
chr1	85400000	86400000	5	0.40792905234241400025	1	4.1607251155209038322	2.2372102838737042438	1.4957306856094462849
chr1	85500000	86500000	5	0.40792905234241394474	1	4.160725115520903721	2.2372102838737042796	1.4957306856094462968
chr1	85600000	86600000	5	0.2843679582904069525	1	3.6984223249074699921	1.9886313634692388815	1.4101884141735241477
chr1	85700000	86700000	6	0.18551908304370584579	1	4.1607251155209041653	2.2372102838737043802	1.4957306856094463306
chr1	85800000	86800000	6	0.10053052428275562058	1	3.6984223249074702697	1.9886313634692390355	1.4101884141735242024
chr1	85900000	86900000	7	0.19619578242329541173	1	5.0853306967477717197	2.7343681248407621692	1.6535924905613118347
chr1	86000000	87000000	8	0.12925535863929576985	1	5.5476334873612068183	2.9829470452452282261	1.7271210279668382945
chr1	86100000	87100000	9	0.082835241556893160486	1	6.0099362779746394745	3.2315259656496932456	1.7976445604317037082
chr1	86200000	87200000	9	0.042924025175723100334	1	5.547633487361205945	2.9829470450117122244	1.7271210278992356198
chr1	86300000	87300000	8	0.07170113632791542957	1	5.0853306967477723386	2.7343681246072469842	1.6535924904907033909
chr1	86400000	87400000	8	0.12925535862911749496	1	5.547633487361205945	2.9829470450117122244	1.7271210278992356198
chr1	86500000	87500000	8	0.12925535862911749496	1	5.547633487361205945	2.9829470450117122244	1.7271210278992356198
chr1	86600000	87600000	7	0.19619578241221197201	1	5.085330696747772127	2.7343681246072471574	1.6535924904907034433
chr1	86700000	87700000	6	0.28833983250760170103	1	4.6230279061343385683	2.4857892042027816286	1.5766385775448923819
chr1	86800000	87800000	7	0.28991237570554206915	1	5.54763348736120548	2.98294704501171209	1.7271210278992355809
chr1	86900000	87900000	5	0.1694695620213635956	1	3.2361195342940368078	1.7400524428312582482	1.3191104740814009048
chr1	87000000	88000000	3	0.42958512930585635026	1	2.3115139530671691137	1.2428946020223273905	1.1148518296268465964
chr1	87100000	88100000	2	0.62893576639863524314	1	1.8492111624537356518	0.994315681617861914	0.9971537903542571973
chr1	87200000	88200000	2	0.761836191127154283	1	2.3115139530671691553	1.2428946020223273295	1.1148518296268465691
chr1	87300000	88300000	2	0.761836191127154283	1	2.3115139530671691553	1.2428946020223273295	1.1148518296268465691
chr1	87400000	88400000	2	0.761836191127154172	1	2.3115139530671691553	1.2428946020223273295	1.1148518296268465691
chr1	87500000	88500000	2	0.761836191127154172	1	2.3115139530671691553	1.2428946020223273295	1.1148518296268465691
chr1	87600000	88600000	4	0.41800450191474708417	1	3.2361195342940369951	1.7400524448137351798	1.3191104748328455222
chr1	87700000	88700000	4	0.551641045420586007	1	3.69842232490747079	1.9886313652182004219	1.4101884147936404111
chr1	87800000	88800000	3	0.5831857222875744817	1	2.773816743680603318	1.4914735244092696953	1.2212589915367131885
chr1	87900000	88900000	3	0.5831857222875744817	1	2.773816743680603318	1.4914735244092696953	1.2212589915367131885
chr1	88000000	89000000	3	0.5831857222875744817	1	2.773816743680603318	1.4914735244092696953	1.2212589915367131885
chr1	88100000	89100000	4	0.551641045420586007	1	3.6984223249074711232	1.9886313652182006561	1.4101884147936404941
chr1	88200000	89200000	5	0.40841181800291781467	1	4.1607251155209050483	2.261031626342246057	1.503672712508359
chr1	88300000	89300000	6	0.28933360714338668407	1	4.6230279061343385614	2.5096105467467114773	1.5841750366505310758
chr1	88400000	89400000	6	0.28933360714338668407	1	4.6230279061343384226	2.5096105467467115433	1.5841750366505310966
chr1	88500000	89500000	7	0.2907200445633968955	1	5.547633487361205885	3.0067683875556419416	1.734003571955848637
chr1	88600000	89600000	5	0.6339975480585871015	1	5.085330696747772106	2.7581894651686997986	1.6607797762402755723
chr1	88700000	89700000	5	0.6339975480585871015	1	5.085330696747771662	2.7581894651686997301	1.6607797762402755517
chr1	88800000	89800000	5	0.6339975480585871015	1	5.085330696747771662	2.7581894651686997301	1.6607797762402755517
chr1	88900000	89900000	5	0.6339975480585871015	1	5.085330696747771662	2.7581894651686997301	1.6607797762402755517
chr1	89000000	90000000	7	0.39108844366767131495	1	6.009936277974638795	3.2553473059776302373	1.8042581040354592896
chr1	89100000	90100000	7	0.49132594820127706292	1	6.472239068588072817	3.503927849267848765	1.8718781609036013231
chr1	89200000	90200000	5	0.63468954132561405945	1	5.085330696747771358	2.7343697473348722625	1.6535929811579608488
chr1	89300000	90300000	4	0.75933880070178916277	1	4.6230279061343376914	2.485790826930406846	1.5766390921610458553
chr1	89400000	90400000	4	0.66661056908431293166	1	4.1607251155209043856	2.2372119065259416914	1.4957312280372906928
chr1	89500000	90500000	3	0.80032987683507794685	1	3.6984223249074709497	1.9886329861214765179	1.4101889895051217985
chr1	89600000	90600000	4	0.55164101363022888247	1	3.6984223249074710052	1.9886329861214765937	1.4101889895051218254
chr1	89700000	90700000	4	0.5516410136302289935	1	3.6984223249074712273	1.9886329861214766878	1.4101889895051218588
chr1	89800000	90800000	4	0.5516410136302289935	1	3.6984223249074712273	1.9886329861214766878	1.4101889895051218588
chr1	89900000	90900000	4	0.5516410136302289935	1	3.6984223249074712273	1.9886329861214766878	1.4101889895051218588
chr1	90000000	91000000	2	0.9087972202949661238	1	3.2361195342940375919	1.7400540657170115021	1.3191110892252447068
chr1	90100000	91100000	2	0.761836191127154283	1	2.3115139530671698076	1.2428946020223275016	1.1148518296268466463
chr1	90200000	91200000	2	0.9449531231063055259	1	3.6984223249074711058	1.9886313632385371556	1.4101884140917259556
chr1	90300000	91300000	2	0.9449531231063055259	1	3.6984223249074711058	1.9886313632385371556	1.4101884140917259556
chr1	90400000	91400000	3	0.86718966969893396257	1	4.1607251155209048644	2.2372102836430024307	1.4957306855323261806
chr1	90500000	91500000	5	0.6346895884690511025	1	5.085330696747772729	2.7343681245685612512	1.65359249047900591
chr1	90600000	91600000	4	0.75933888513904079787	1	4.6230279061343383896	2.4857892041640954563	1.5766385775326238212
chr1	90700000	91700000	4	0.6666106399516806835	1	4.1607251155209049303	2.2372102837596302908	1.4957306855713130988
chr1	90800000	91800000	5	0.72524414790377145223	1	5.5476334873612061153	2.9829506413754024298	1.7271220690430084449
chr1	90900000	91900000	6	0.69617471776604233913	1	6.4722390685880738814	3.4801084821843350633	1.865504886668575592
chr1	91000000	92000000	6	0.60838579417454363707	1	6.0099362779746400027	3.2315295617798700917	1.7976455606653582176
chr1	91100000	92100000	5	0.7252441479037713412	1	5.5476334873612062728	2.9829506413754045626	1.7271220690430090623
chr1	91200000	92200000	5	0.4079291252250883404	1	4.160725115520904179	2.2372138801591948734	1.4957318877924595727
chr1	91300000	92300000	5	0.5275182387552527219	1	4.62302790613433857	2.4857928005636601447	1.5766397180597919164
chr1	91400000	92400000	4	0.6666104828943348881	1	4.1607251155209045122	2.2372138801591948392	1.4957318877924595612
chr1	91500000	92500000	2	0.85116105887858906076	1	2.7738167436806032695	1.4914771188291708125	1.2212604631400996977
chr1	91600000	92600000	2	0.85116105887858906076	1	2.7738167436806032695	1.4914771188291708125	1.2212604631400996977
chr1	91700000	92700000	3	0.86718944758945004647	1	4.1607251155209045643	2.2372138800425670423	1.4957318877534726953
chr1	91800000	92800000	4	0.6666106399568965113	1	4.1607251155209041566	2.2372102836401905504	1.4957306855313862117
chr1	91900000	92900000	3	0.70707163774628201125	1	3.23611953429403678	1.7400524428312580778	1.3191104740814008401
chr1	92000000	93000000	3	0.70707163774628201125	1	3.23611953429403678	1.7400524428312580778	1.3191104740814008401
chr1	92100000	93100000	5	0.52751827217435820483	1	4.623027906134338269	2.4857892040446640314	1.5766385774947484873
chr1	92200000	93200000	5	0.63468958847252066047	1	5.085330696747771842	2.7343681244491295972	1.6535924904428931269
chr1	92300000	93300000	5	0.63468958847252054944	1	5.0853306967477718004	2.7343681244491293992	1.653592490442893067
chr1	92400000	93400000	5	0.72524428771507432057	1	5.547633487361205043	2.9829470448535946813	1.727121027853460732
chr1	92500000	93500000	5	0.84293243573067466734	1	6.37383892582925122	3.4630034759971229685	1.8609146879954284912
chr1	92600000	93600000	7	0.7439085252171696583	1	7.859147440428372777	4.225841646876876249	2.055685201308039832
chr1	92700000	93700000	6	0.69617482448763345904	1	6.472239068588072152	3.4801048856634801518	1.8655039227145785211
chr1	92800000	93800000	5	0.72524428771503735014	1	5.547633487361205624	2.982947044854550046	1.7271210278537373091
chr1	92900000	93900000	6	0.6961748244876336811	1	6.4722390685880742786	3.480104885663481487	1.865503922714578879
chr1	93000000	94000000	6	0.7696030792080645888	1	6.9345418592015074253	3.7286838060679462427	1.9309800118250696804
chr1	93100000	94100000	5	0.79828080133437728794	1	6.0099362779746392975	3.2315259652590051806	1.7976445603230370471
chr1	93200000	94200000	7	0.4913339211727490996	1	6.4722390685880734473	3.4801048856634707268	1.8655039227145759949
chr1	93300000	94300000	8	0.29005543298040797895	1	6.4722390685880737803	3.4801048856634708545	1.8655039227145760292
chr1	93400000	94400000	8	0.20352754594903146868	1	6.0099362779746397416	3.2315259652590052652	1.7976445603230370706
chr1	93500000	94500000	10	0.083572325711513559265	1	6.8378362805651407928	3.7121487410296151678	1.9266937330643952576
chr1	93600000	94600000	9	0.04292710476817809817	1	5.547633487361205827	2.9830550096481076704	1.7271522832825447388
chr1	93700000	94700000	9	0.04292710476817809817	1	5.547633487361205827	2.9830550096481076704	1.7271522832825447388
chr1	93800000	94800000	8	0.07170548234585734371	1	5.085330696747772634	2.734476089243642252	1.6536251356470251272
chr1	93900000	94900000	7	0.11697757446504436496	1	4.6230279061343383584	2.4858971688391769293	1.5766728160398963793
chr1	94000000	95000000	7	0.11697757446504436496	1	4.6230279061343383584	2.4858971688391768846	1.576672816039896365
chr1	94100000	95100000	6	0.28834433655758023862	1	4.6230279061343389135	2.4858971688391769692	1.5766728160398963919
chr1	94200000	95200000	5	0.5275172689579558094	1	4.6230279061343386915	2.4858971688391770642	1.5766728160398964221
chr1	94300000	95300000	5	0.5275172689579558094	1	4.6230279061343388025	2.485897168839177186	1.5766728160398964607
chr1	94400000	95400000	6	0.39891465064547199093	1	5.085330696747772111	2.734476089243642295	1.6536251356470251402
chr1	94500000	95500000	4	0.55164104545946768265	1	3.6984223249074707658	1.9886313632357237229	1.4101884140907284177
chr1	94600000	95600000	4	0.66661063995689673334	1	4.1607251155209046354	2.2372102836401891962	1.4957306855313857591
chr1	94700000	95700000	5	0.52751827217435820483	1	4.6230279061343385587	2.4857892040446543996	1.5766385774947454328
chr1	94800000	95800000	5	0.6346895884725208825	1	5.0853306967477720254	2.7343681244491198235	1.6535924904428901716
chr1	94900000	95900000	7	0.28991237570018069114	1	5.5476334873612052475	2.982947044853585137	1.7271210278534579689
chr1	95000000	96000000	8	0.12925535862222520267	1	5.5476334873612061357	2.9829470448535853207	1.727121027853458022
chr1	95100000	96100000	8	0.12925535862222520267	1	5.5476334873612061418	2.9829470448535854495	1.7271210278534580593
chr1	95200000	96200000	8	0.071701136321550174024	1	5.0853306967477723585	2.734368124449120027	1.6535924904428902331
chr1	95300000	96300000	8	0.071701136321550174024	1	5.085330696747772636	2.7343681244491201303	1.6535924904428902644
chr1	95400000	96400000	7	0.19619578240470667008	1	5.085330696747772414	2.7343681244491201076	1.6535924904428902575
chr1	95500000	96500000	7	0.19619578240470667008	1	5.085330696747772414	2.7343681244491201076	1.6535924904428902575
chr1	95600000	96600000	6	0.1855190830296571669	1	4.1607251155209050795	2.237210283640189384	1.4957306855313858219
chr1	95700000	96700000	6	0.1855190830296571669	1	4.1607251155209041913	2.2372102836401891555	1.4957306855313857454
chr1	95800000	96800000	6	0.28911094838646389515	1	4.6230279061343382803	2.5042732898316247068	1.5824895860104813678
chr1	95900000	96900000	5	0.4083036526319627213	1	4.1607251155209044446	2.2556943694271596827	1.5018969237025421388
chr1	96000000	97000000	4	0.5512785218631288675	1	3.6984223249074706721	2.0071154490226940296	1.4167270199381015651
chr1	96100000	97100000	4	0.55127852186312908955	1	3.6984223249074707832	2.00711544902269427	1.4167270199381016499
chr1	96200000	97200000	4	0.55127852186312897853	1	3.6984223249074706721	2.007115449022694223	1.4167270199381016333
chr1	96300000	97300000	4	0.55127852186312897853	1	3.698422324907470811	2.0071154490226944165	1.4167270199381017016
chr1	96400000	97400000	5	0.4083036526319627213	1	4.160725115520904323	2.2556943694271595412	1.5018969237025420917
chr1	96500000	97500000	6	0.39924791646881108154	1	5.0853306967477708966	2.7528522102360896634	1.659172146052388882
chr1	96600000	97600000	6	0.39924791646881102603	1	5.085330696747770716	2.7528522102360898384	1.6591721460523889347
chr1	96700000	97700000	6	0.60801711368315092265	1	6.0099362779746379887	3.2500100510790766353	1.8027784253976073793
chr1	96800000	97800000	6	0.39891269261718054207	1	5.0853306967477713086	2.7343681244831757858	1.6535924904531877396
chr1	96900000	97900000	5	0.52751827217404168024	1	4.623027906134337385	2.485789204078710257	1.5766385775055455799
chr1	97000000	98000000	5	0.63468958847153145175	1	5.0853306967477713086	2.7343681244831757858	1.6535924904531877396
chr1	97100000	98100000	5	0.63468958847153145175	1	5.0853306967477713086	2.7343681244831757858	1.6535924904531877396
chr1	97200000	98200000	4	0.7593388851434834663	1	4.623027906134337236	2.4857892040787104007	1.5766385775055456256
chr1	97300000	98300000	4	0.8305670546708195934	1	5.0853306967477713086	2.7343681244831757858	1.6535924904531877396
chr1	97400000	98400000	3	0.9134114345062568363	1	4.6230279061343378466	2.4857892040787105139	1.5766385775055456615
chr1	97500000	98500000	2	0.9449531231047355595	1	3.6984223249074711475	1.9886313632697799026	1.4101884141028034637
chr1	97600000	98600000	2	0.94495312310473533746	1	3.6984223249074709254	1.9886313632697798976	1.4101884141028034618
chr1	97700000	98700000	1	0.97583278002481366187	1	2.773816743680603554	1.4914735224267929579	1.2212589907250603156
chr1	97800000	98800000	1	0.97583278002481366187	1	2.773816743680603554	1.4914735224267929579	1.2212589907250603156
chr1	97900000	98900000	2	0.90879734060942773954	1	3.2361195342940368633	1.7400524428312583679	1.3191104740814009502
chr1	98000000	99000000	4	0.7593387336033292634	1	4.6230279061343386073	2.4857921164693100998	1.5766395011128289309
chr1	98100000	99100000	6	0.39891274543574084532	1	5.085330696747772803	2.7343710368737755348	1.6535933710782029907
chr1	98200000	99200000	6	0.3989127454357407898	1	5.0853306967477733495	2.734371036873775637	1.6535933710782030216
chr1	98300000	99300000	5	0.40792911136116521975	1	4.16072511552090518	2.2372131960648448607	1.495731659110298053
chr1	98400000	99400000	5	0.28436811715985971238	1	3.6984223249074712515	1.9886342756603793685	1.4101894467270627567
chr1	98500000	99500000	6	0.28833995400103173967	1	4.6230279061343388675	2.4857921164693098626	1.5766395011128288557
chr1	98600000	99600000	6	0.3989127454357407343	1	5.0853306967477721282	2.7343710368737751406	1.6535933710782028714
chr1	98700000	99700000	7	0.28991247444670159572	1	5.5476334873612059627	2.9829499572782407638	1.7271218709975971941
chr1	98800000	99800000	7	0.49133392019802546447	1	6.472239068588072703	3.4801077980871709583	1.8655047033141382456
chr1	98900000	99900000	6	0.6083858078220867327	1	6.0099362779746394315	3.231528877682705991	1.797645370389473117
chr1	99000000	100000000	4	0.6666106399568966223	1	4.160725115520903983	2.2372102836401886175	1.4957306855313855657
chr1	99100000	100000000	2	0.9087973406094274065	1	3.236119534294036447	1.7400524428312580422	1.3191104740814008267
chr1	99200000	100000000	2	0.9087973406094274065	1	3.2361195342940362388	1.7400524428312576431	1.3191104740814006755
chr1	99300000	100000000	2	0.90879734060942729545	1	3.2361195342940360167	1.7400524428312574705	1.31911047408140061
chr1	99400000	100000000	2	0.90879734060942729545	1	3.2361195342940356837	1.740052442831257435	1.3191104740814005965
chr1	99500000	100000000	1	0.9550542209382893999	1	2.3115139530671684753	1.2428946020223269408	1.1148518296268463948
chr1	99600000	100000000	1	0.9164106149760622433	1	1.8492111624537346248	0.9943156816178614507	0.997153790354256965
chr1	99700000	100000000	0	1	1	0.92460558122686742344	0.49715784080893074087	0.7050942070453640742
chr1	99800000	100000000	0	1	1	0	0	0
chr1	99900000	100000000	0	1	1	0	0	0
